--------------- TESTE 1 ---------------

$$$
        Performance Logger Results:
$$$

        **Reads**
Number of reads: 712    (77.5599128540305% of all Ops)
Average time taken: 2.615830617977528
Values: [8.7719, 3.6396, 5.5118, 4.9942, 5.6519, 4.6227, 4.0224, 4.5031, 4.46, 3.8155, 5.0957, 4.7015, 3.4035, 4.3638, 3.8662, 5.1729, 5.859, 4.1732, 6.3767, 3.8235, 7.4444, 3.3065, 6.3516, 4.0661, 2.7006, 4.623, 4.2669, 3.2916, 2.8356, 4.5193, 2.8988, 2.7023, 3.2616, 3.1431, 3.4159, 3.5097, 3.8568, 3.4029, 3.1887, 4.0925, 4.1546, 3.7649, 2.74, 2.8597, 3.2082, 2.5514, 2.837, 3.7142, 4.5281, 6.1945, 4.8419, 4.3622, 4.0904, 5.0628, 2.4099, 2.5522, 3.1765, 3.0589, 2.3238, 2.5992, 2.8565, 3.335, 2.8237, 4.0125, 4.2997, 5.7022, 2.3699, 2.8574, 2.8791, 8.2591, 5.0437, 2.5196, 4.0138, 13.4577, 4.1168, 3.738, 3.2144, 4.0823, 2.8975, 2.5597, 3.9773, 6.8258, 2.6844, 2.4918, 3.2058, 2.041, 2.2585, 3.1254, 2.5822, 6.5234, 2.2636, 2.2393, 3.0359, 2.1392, 3.8538, 2.6372, 2.4199, 4.1084, 4.3988, 2.1515, 3.2445, 2.6127, 2.1778, 2.4292, 3.2172, 1.9821, 3.1313, 2.232, 2.5545, 3.4597, 4.5692, 3.1953, 3.2959, 3.618, 3.2556, 3.69, 2.8589, 3.6923, 3.1731, 6.3211, 2.6693, 2.7085, 3.6447, 3.0623, 3.2039, 3.6806, 2.8299, 3.0609, 2.1149, 2.3132, 2.7279, 2.8325, 2.6505, 2.0442, 2.9991, 7.0918, 2.9298, 2.2396, 3.2239, 3.113, 3.2825, 2.917, 3.1614, 2.8221, 3.4515, 4.3786, 5.7342, 2.8392, 2.3791, 2.3411, 2.3169, 3.3707, 7.3865, 2.4376, 3.0084, 3.4292, 2.7052, 2.4672, 1.9755, 3.2153, 2.2971, 2.2381, 2.8538, 1.737, 2.1045, 2.8473, 12.136, 2.4396, 3.2146, 4.3898, 4.4071, 3.4374, 3.6693, 3.2546, 2.6052, 2.6477, 2.3876, 2.8857, 6.6915, 2.1555, 2.4619, 2.3048, 1.8658, 9.013, 3.0389, 3.5, 1.9358, 2.3073, 2.0022, 2.7621, 3.0783, 4.7399, 2.2694, 2.9375, 2.754, 2.5555, 2.5205, 5.0392, 2.4863, 3.638, 6.4382, 2.2286, 1.9159, 7.177, 9.0016, 2.2722, 2.3045, 6.1334, 2.2343, 2.7816, 2.6565, 1.8296, 1.6268, 2.0385, 2.1552, 2.1265, 2.5391, 4.2875, 2.3594, 7.9038, 5.1868, 2.6474, 2.5524, 3.5574, 5.548, 2.0849, 2.1487, 3.0915, 3.3775, 2.7033, 2.486, 2.4608, 2.64, 2.1221, 2.1572, 2.6111, 2.7204, 1.9635, 1.8681, 2.509, 1.9535, 3.1341, 2.9051, 1.637, 1.5027, 1.6711, 1.4391, 1.7421, 1.6207, 1.8326, 1.8032, 1.9975, 2.1929, 1.9074, 5.2676, 1.8572, 1.874, 2.2812, 2.1233, 1.7042, 1.9671, 1.9253, 2.1164, 1.8129, 2.2088, 1.7676, 2.3953, 1.89, 2.7724, 5.5037, 2.4287, 2.4379, 2.2574, 1.6447, 1.7073, 4.0947, 1.9345, 1.4979, 2.071, 1.8373, 2.1295, 1.3769, 3.2763, 1.9379, 2.7325, 1.3618, 2.0594, 1.4832, 2.1856, 2.5528, 2.6157, 1.7598, 1.2569, 2.2818, 1.8998, 2.2558, 2.4756, 3.1604, 3.2874, 1.7689, 1.7381, 2.998, 10.0448, 1.861, 3.1083, 1.4841, 2.1353, 2.0788, 3.3659, 2.2548, 2.5969, 10.767, 2.3806, 1.4823, 2.659, 1.7319, 2.5921, 3.0409, 2.3883, 4.023, 2.9188, 1.7072, 16.3413, 3.1193, 1.8518, 1.9763, 2.1797, 2.552, 5.9031, 2.3053, 1.8515, 1.7492, 3.3471, 1.8648, 3.5361, 3.4889, 3.6375, 1.7797, 3.1086, 1.9164, 2.0392, 2.8851, 2.034, 2.2068, 1.9074, 2.1557, 1.7119, 3.3786, 2.0785, 1.6135, 1.5467, 5.7576, 1.8093, 2.2226, 1.9656, 1.7983, 1.5704, 1.7413, 2.9519, 2.7537, 1.6956, 1.9043, 1.6128, 2.1375, 1.3812, 1.5985, 1.8473, 1.5973, 1.2576, 1.5361, 1.5499, 1.5223, 1.2113, 5.9802, 1.9721, 1.6193, 2.3361, 1.6557, 1.407, 1.5249, 1.7341, 1.6409, 2.3917, 2.13, 3.3799, 18.8008, 2.7658, 1.6949, 1.5378, 2.2684, 4.6162, 1.7347, 1.8517, 2.5703, 10.2032, 4.515, 2.1413, 3.972, 9.0499, 1.5752, 1.6734, 2.0327, 5.8163, 1.8646, 1.7657, 1.2688, 1.3042, 1.4406, 1.4766, 1.4529, 2.07, 2.5809, 2.0064, 2.5688, 1.7991, 2.6895, 1.4659, 1.6274, 1.4233, 1.4523, 1.5449, 2.2596, 1.4738, 1.3727, 3.3066, 2.0732, 2.1799, 1.4594, 1.4518, 1.6057, 1.414, 1.357, 2.0803, 1.8035, 1.9758, 1.9799, 1.6636, 1.5276, 1.5898, 1.3115, 2.0641, 1.5911, 1.8348, 1.553, 1.6938, 1.641, 1.4282, 4.3408, 6.216, 1.8503, 1.4503, 3.2845, 1.8358, 2.2311, 1.3797, 1.1916, 1.6975, 4.5295, 2.3049, 1.2485, 1.5816, 1.4859, 1.5078, 2.2226, 2.7648, 1.4919, 2.2389, 1.2517, 3.7603, 2.2393, 1.4963, 2.037, 3.5757, 1.2358, 1.0809, 1.964, 2.0751, 2.068, 1.2355, 10.9251, 1.6005, 7.4933, 1.3475, 1.486, 1.4028, 1.1095, 6.5379, 1.5709, 1.1837, 0.9932, 1.1719, 1.4939, 1.1706, 1.1082, 1.3193, 1.2123, 1.1482, 1.3687, 1.2137, 1.8844, 1.5938, 1.2523, 1.0759, 1.7951, 1.1285, 1.1682, 4.5425, 1.647, 1.0882, 1.0547, 0.9996, 1.2945, 2.207, 1.487, 1.8644, 1.8454, 8.1779, 3.2858, 2.7878, 1.2723, 2.2677, 1.79, 1.8706, 1.5158, 1.4345, 6.5941, 2.3456, 2.8122, 2.0013, 1.5682, 1.4687, 1.7775, 1.5882, 7.3667, 2.4688, 1.4066, 1.2758, 1.8544, 1.5063, 1.2894, 1.6233, 1.7638, 1.5979, 2.3311, 2.437, 1.759, 1.5593, 1.2687, 1.2555, 1.9146, 2.0382, 1.4127, 1.4933, 1.7985, 1.8485, 1.6387, 2.0477, 2.1077, 2.0944, 1.8796, 1.2667, 1.0884, 1.5799, 3.3437, 1.8351, 2.6822, 2.9597, 1.9634, 2.6375, 2.9066, 2.3644, 1.781, 1.7005, 1.1926, 1.9791, 1.7626, 1.8691, 1.5485, 1.2107, 1.4204, 1.7249, 1.6488, 1.4866, 3.4668, 1.7071, 3.3146, 2.1747, 2.0224, 2.7133, 1.5203, 1.4915, 1.1882, 1.591, 2.782, 1.3068, 1.7143, 1.4052, 1.0427, 0.8903, 1.5908, 1.4037, 1.2012, 1.2156, 1.3691, 1.2565, 1.4877, 2.0791, 2.1518, 1.4488, 1.1766, 1.1208, 1.9068, 1.3237, 1.2077, 1.1838, 1.5273, 5.723, 1.3395, 1.6621, 1.838, 1.3632, 1.6183, 7.6436, 1.0681, 1.2702, 1.0291, 0.8184, 1.8938, 1.3144, 1.0826, 1.7992, 1.1335, 1.2082, 3.6419, 1.5678, 1.99, 1.3969, 1.1603, 1.1544, 2.0312, 1.6697, 1.059, 1.3164, 4.0007, 1.7997, 1.7447, 2.3139, 1.732, 1.5344, 1.4436, 1.4603, 1.1036, 1.8314, 2.4019, 1.8897, 6.0719, 1.9136, 1.3073, 1.5157, 1.3101, 1.1408, 1.251, 1.0968, 1.2036, 1.2278, 1.0613, 1.1309, 1.22, 1.1417, 1.1647, 1.2983, 1.326, 1.208, 2.1384, 0.9101, 0.8882, 1.4868, 1.9291, 1.3538, 1.2252, 2.2041, 7.7182, 1.398, 1.4161, 1.2642, 0.9552, 1.4373, 1.1425, 1.0205, 1.3238, 0.8523, 0.9643, 1.1404, 0.8878, 1.4135, 1.0005, 1.4534, 1.085, 1.0067, 1.0535, 1.7358, 1.6147, 1.1614, 1.2311, 0.997, 0.9397, 0.8648, 1.0264, 0.9672, 1.2228, 1.5413, 0.9011]
        **Writes**
Number of writes: 206   (22.440087145969496% of all Ops)
Average time taken: 4.064403398058252
Values: [4.2048, 5.874, 3.898, 7.664, 5.3092, 3.4971, 4.6552, 4.5695, 6.7085, 4.3969, 7.7192, 10.7648, 12.4628, 7.3774, 3.4668, 3.274, 3.2648, 2.8497, 4.0207, 7.6542, 4.8005, 7.3347, 3.5055, 3.694, 3.2608, 3.4042, 7.4095, 3.1875, 7.2049, 4.3101, 4.0068, 4.3505, 6.2392, 5.7506, 4.248, 3.4914, 5.5558, 3.6756, 5.0637, 8.6773, 4.8543, 3.8802, 4.3799, 3.9999, 3.748, 6.7628, 13.4757, 13.2965, 5.3752, 2.9482, 5.41, 5.7259, 3.3017, 4.7609, 3.4124, 6.8571, 3.138, 2.6168, 2.2499, 2.3728, 3.3142, 5.1715, 7.9025, 5.632, 10.189, 3.6478, 3.2177, 3.8784, 3.531, 3.0235, 4.2411, 2.4662, 2.5458, 3.2995, 2.1619, 5.121, 2.2194, 2.723, 3.3172, 2.1528, 4.0117, 2.2762, 2.855, 3.0101, 4.1284, 8.484, 3.6122, 3.4696, 2.8621, 2.5712, 7.494, 8.1891, 4.9682, 7.5773, 2.8701, 2.8113, 10.2053, 2.2892, 3.4319, 3.4507, 3.1146, 2.6829, 1.8239, 2.0025, 2.4065, 4.401, 1.9965, 2.1891, 2.7421, 11.9564, 2.8118, 6.0901, 4.9186, 2.3432, 4.3502, 8.6038, 2.8312, 2.6209, 7.5675, 2.7863, 8.9025, 6.84, 3.2171, 2.1976, 1.3714, 1.924, 2.5717, 3.422, 5.7577, 2.4848, 1.9186, 1.5992, 1.5484, 2.4348, 1.6965, 2.3486, 2.0445, 1.9429, 1.8818, 1.5217, 1.5358, 1.663, 1.2418, 1.2626, 2.9549, 1.9538, 1.9088, 6.3125, 6.5048, 10.7823, 4.3375, 2.8151, 2.5903, 3.2994, 3.6754, 2.4703, 2.4636, 7.3986, 3.2767, 2.2786, 4.3506, 3.8326, 2.2226, 3.1232, 8.6527, 3.3589, 4.1345, 4.4327, 1.9434, 1.932, 2.978, 1.894, 2.2813, 3.4093, 2.2034, 7.2803, 2.7321, 9.7523, 2.2649, 7.4544, 1.3063, 5.8921, 1.5357, 1.2629, 3.3233, 3.6339, 4.5854, 1.561, 9.2378, 1.5663, 1.4352, 1.1889, 1.6074, 5.1625, 1.6683, 1.4247, 1.4562, 1.3361, 1.4476, 1.3609, 1.3105, 1.5202, 1.6178, 3.3272, 1.873, 1.1105]
Total time taken in Ops: 2699.7385

$=$
        Performance Logger Results.
$=$

--------------- TESTE 2 ---------------

$$$
        Performance Logger Results:
$$$

        **Reads**
Number of reads: 712    (77.5599128540305% of all Ops)
Average time taken: 1.885676544943818
Values: [19.3684, 9.6259, 8.799, 4.3077, 4.6364, 6.7804, 2.335, 3.8887, 3.9991, 3.4272, 3.8912, 2.2157, 2.3029, 2.15, 1.8933, 2.5789, 3.0374, 2.286, 2.313, 1.9727, 3.663, 1.7428, 3.5366, 1.9713, 5.6435, 2.4818, 1.9818, 3.0765, 2.0236, 1.8327, 4.4345, 2.9947, 3.3778, 1.6152, 1.6625, 1.7963, 1.7558, 2.0205, 2.8338, 2.1168, 2.6542, 1.8275, 2.9309, 8.5505, 2.6659, 3.0987, 1.6942, 2.1902, 7.9307, 3.0779, 5.0801, 2.0057, 1.8197, 1.5632, 1.6101, 1.5949, 2.0917, 1.9128, 1.6168, 3.6294, 2.4003, 2.6575, 1.8009, 2.287, 1.4328, 2.1962, 4.2031, 2.6172, 3.5849, 3.201, 2.3996, 3.2749, 1.9452, 2.5103, 4.113, 4.0834, 2.0096, 2.8532, 1.6292, 2.2397, 1.7784, 2.5381, 2.0357, 2.8149, 3.1774, 1.8266, 1.5854, 2.9009, 2.7762, 2.3708, 4.8508, 2.1896, 2.4598, 1.7894, 2.5851, 1.3108, 1.7419, 2.9496, 2.0952, 1.6224, 2.4226, 6.013, 1.6966, 6.9868, 2.0069, 1.1185, 1.3943, 1.7977, 1.416, 2.054, 2.0892, 1.6923, 2.0398, 1.3343, 2.0623, 2.4082, 1.5897, 1.6621, 2.4219, 1.2835, 2.0938, 1.7445, 2.1565, 2.0101, 1.7538, 1.9342, 2.8674, 2.4169, 1.9531, 2.5217, 1.8594, 2.047, 2.6716, 2.0718, 2.2528, 1.1684, 1.4523, 1.8329, 1.8106, 2.2224, 1.2005, 1.8202, 1.6871, 1.4811, 1.2034, 1.2449, 4.4112, 2.0666, 1.3255, 1.5965, 1.2854, 1.2584, 1.96, 1.7389, 2.2172, 1.375, 6.4482, 2.1969, 1.8765, 2.4677, 1.6562, 1.2553, 1.4126, 1.741, 1.8672, 2.3184, 1.299, 1.8594, 1.5099, 1.6634, 1.8293, 1.9276, 2.0751, 1.5064, 1.3917, 1.2074, 1.3988, 1.9757, 1.3789, 1.7714, 1.5025, 1.5058, 1.5449, 1.2634, 2.417, 1.4361, 1.2658, 1.6396, 1.9216, 1.7377, 1.5149, 1.3489, 1.2222, 1.4455, 1.61, 1.2898, 2.079, 1.0289, 1.1159, 1.2447, 6.4674, 2.34, 1.3563, 1.4193, 2.1766, 1.7178, 1.4958, 10.7298, 1.8496, 1.0343, 1.0494, 1.1927, 1.3457, 1.4224, 16.0675, 2.5814, 1.6539, 7.0707, 1.4609, 1.6367, 1.4117, 1.5331, 1.5705, 6.8556, 1.6255, 1.2325, 8.2908, 1.7882, 1.4465, 1.4706, 1.5099, 1.8348, 1.455, 1.806, 1.8402, 2.1644, 2.1521, 2.04, 1.8213, 2.2951, 1.1651, 1.8092, 1.1193, 4.3257, 1.1969, 4.5005, 1.2258, 1.7248, 5.1199, 3.4999, 1.3312, 1.7654, 1.6216, 1.0452, 1.4271, 2.4481, 2.2517, 1.4033, 1.7104, 2.1106, 1.3064, 6.5816, 2.0833, 1.237, 1.3103, 1.4267, 1.7552, 1.7549, 0.9712, 1.1293, 1.4942, 1.1511, 1.5632, 1.3328, 1.0475, 2.3065, 1.5797, 1.5924, 2.2608, 1.9538, 1.8853, 1.2859, 1.0136, 1.8089, 2.8472, 1.0761, 1.4556, 1.0123, 1.1304, 1.4571, 1.2414, 1.2719, 1.0857, 1.3607, 1.9388, 1.0054, 1.1678, 1.9711, 2.5965, 1.5332, 1.0687, 1.4195, 1.041, 1.2309, 4.7439, 1.5509, 1.5195, 1.0877, 1.5915, 1.5999, 1.4796, 2.4632, 1.4275, 1.0417, 1.6158, 1.0682, 1.3321, 1.7049, 1.2343, 1.6981, 1.5916, 1.8492, 1.3241, 1.5234, 2.1351, 1.8162, 1.2917, 1.465, 1.5189, 1.6978, 1.1808, 1.2633, 1.6022, 1.1042, 6.4957, 1.2884, 0.984, 1.2603, 1.0074, 1.2961, 2.1038, 1.1138, 1.4196, 1.174, 1.2104, 2.0869, 1.4485, 1.1896, 1.4028, 1.0213, 1.46, 1.3861, 1.6676, 2.6289, 1.7265, 1.0535, 1.5682, 1.7248, 1.2078, 1.576, 7.9874, 2.3016, 1.0909, 1.711, 1.2603, 0.9008, 1.1174, 0.853, 0.9945, 1.1729, 0.9577, 5.6744, 1.3686, 1.4384, 1.2008, 0.9948, 1.042, 0.8569, 0.9567, 7.4362, 1.8209, 1.2347, 1.7439, 1.0769, 0.9132, 1.0146, 0.9979, 1.1773, 1.2049, 1.4718, 1.6955, 1.0888, 0.9035, 0.8231, 1.6688, 1.1209, 0.9341, 1.3692, 1.5614, 1.2468, 0.8995, 1.3323, 1.5226, 1.3374, 1.5159, 0.9585, 1.3647, 1.3287, 1.1586, 1.0154, 1.3013, 0.8692, 0.7943, 1.5687, 0.9972, 0.9064, 0.9069, 1.0539, 1.3169, 1.2019, 1.4938, 1.2917, 1.2454, 0.8525, 0.9695, 1.5249, 1.3808, 0.8748, 1.2268, 1.4388, 1.1737, 0.7398, 1.0078, 1.7399, 1.0373, 1.1566, 1.2176, 0.9105, 1.6972, 1.5673, 1.0866, 1.6462, 1.6572, 0.9604, 1.6743, 1.094, 0.891, 0.7987, 0.7979, 0.71, 1.1081, 0.9879, 1.1705, 1.2133, 0.8494, 0.8373, 1.1856, 0.903, 0.8862, 1.4453, 0.8867, 1.0254, 0.8044, 0.9183, 1.2861, 0.7726, 1.3237, 1.1998, 0.8136, 1.1977, 0.8371, 0.9726, 1.3897, 5.3606, 1.4922, 2.4915, 1.413, 1.0617, 7.3536, 0.9343, 0.9183, 1.1129, 1.3848, 1.4312, 1.0996, 1.3057, 0.8445, 1.2958, 1.0748, 0.7399, 0.8152, 1.264, 1.1419, 1.0334, 0.9793, 1.164, 0.8055, 1.4888, 0.8486, 0.9536, 1.449, 1.1639, 1.4708, 1.4685, 1.4368, 0.942, 1.2532, 0.8944, 0.9225, 0.9566, 1.1199, 1.051, 1.1166, 0.8424, 1.1211, 1.6369, 1.1435, 1.1979, 1.3467, 15.2568, 1.2842, 1.5506, 0.9569, 1.1646, 1.1833, 1.3384, 1.3215, 0.9205, 1.525, 1.2184, 1.2977, 1.2524, 1.1342, 1.1647, 9.9265, 1.4312, 0.9723, 1.5187, 0.8939, 0.8973, 0.9944, 1.4766, 0.788, 2.0456, 0.926, 1.6236, 1.3743, 0.8465, 0.8283, 1.1783, 0.8715, 0.7702, 1.1931, 0.7973, 0.8169, 0.7246, 1.5681, 1.2408, 0.762, 1.0801, 1.1091, 1.0615, 1.6607, 1.8746, 2.7717, 5.8659, 1.1952, 2.3201, 1.4729, 1.0308, 0.7624, 1.2074, 1.2122, 0.7417, 2.168, 1.1539, 1.2165, 1.9796, 2.1785, 1.2527, 2.0326, 1.2123, 0.9287, 1.8852, 1.4556, 1.6411, 1.5742, 0.9329, 1.7082, 1.0136, 2.2795, 1.9368, 1.0885, 1.5013, 1.264, 13.4659, 1.2275, 1.0644, 1.2078, 3.5682, 1.3867, 0.8379, 1.2372, 0.9939, 0.8531, 1.0213, 1.2079, 1.4279, 2.088, 1.6538, 1.0256, 7.9422, 1.9632, 1.1882, 1.6257, 1.2453, 2.0855, 1.4974, 1.4876, 1.5449, 0.9849, 2.0695, 1.2491, 1.5365, 1.211, 1.0268, 1.1873, 1.942, 2.1871, 2.4632, 1.4899, 0.9574, 1.0246, 0.9888, 1.4423, 1.1073, 0.7856, 1.3463, 1.8105, 1.8586, 1.4659, 1.0153, 1.7521, 1.0679, 2.6534, 1.1587, 0.8393, 0.8834, 0.7522, 0.9248, 1.5282, 0.9893, 1.3866, 0.8823, 1.023, 1.5601, 1.0976, 1.0361, 1.3811, 0.8183, 1.0718, 3.0408, 0.9116, 0.7274, 0.8654, 1.0, 0.9809, 1.3149, 0.9484, 4.2525, 1.4123, 10.4417, 1.5329, 1.4701, 0.8289, 0.9109, 1.24, 1.3473, 0.9524, 0.7266, 2.3296, 1.2633, 0.887, 1.5187, 1.0662, 0.8663, 1.4738, 0.9091, 0.795, 15.2457, 0.8236, 0.8289, 0.9215, 0.7676, 0.6511, 0.8611, 1.2285, 0.8184, 1.2627, 1.1842, 1.2337, 1.0976, 0.7263, 0.6653, 1.2914, 0.879, 0.7952, 0.6666, 0.6804, 0.837, 0.7631, 0.8905]
        **Writes**
Number of writes: 206   (22.440087145969496% of all Ops)
Average time taken: 2.830791747572816
Values: [5.4148, 3.7055, 2.8913, 3.0938, 3.2825, 3.0386, 3.897, 3.7612, 3.6291, 11.2126, 2.7058, 3.3781, 2.9963, 3.8735, 2.4623, 2.5273, 4.3349, 3.4493, 3.1311, 3.4272, 2.3293, 3.6988, 2.3702, 2.4067, 9.1333, 2.2689, 2.2214, 2.2346, 2.1106, 2.8734, 2.0842, 2.1588, 2.5536, 2.2478, 2.8198, 7.5402, 2.4118, 2.3751, 2.0491, 2.164, 1.6976, 1.9248, 2.2564, 2.0791, 1.7873, 1.8635, 2.5323, 6.6908, 2.0439, 2.056, 2.1138, 1.8296, 2.0513, 1.9131, 16.3193, 2.4474, 2.9053, 2.1122, 1.7362, 3.0656, 2.1319, 2.706, 1.8944, 2.0483, 5.8801, 1.7487, 2.1113, 1.6162, 1.4285, 2.2441, 1.6992, 1.6287, 2.0102, 2.1088, 2.0701, 1.7584, 6.5946, 7.3901, 6.4055, 2.0225, 1.7811, 14.1303, 2.0226, 2.0969, 1.7545, 1.866, 1.8524, 1.8507, 4.2539, 2.2561, 1.9383, 2.1044, 1.6301, 1.5866, 1.5368, 9.1373, 1.847, 2.4419, 15.8371, 2.1849, 3.8416, 2.8528, 3.6494, 8.4082, 2.0336, 1.3562, 1.3329, 1.2551, 1.829, 1.2716, 2.4512, 1.1951, 1.2162, 1.2142, 1.3528, 2.167, 8.77, 1.8037, 1.3504, 3.2693, 1.5068, 1.3652, 1.7849, 1.6366, 7.4464, 1.3108, 1.4695, 1.5549, 1.2006, 1.0951, 1.6007, 1.3006, 1.5908, 1.2084, 1.1289, 1.5306, 1.2647, 3.502, 1.8867, 1.2442, 3.2078, 1.2731, 1.2996, 1.1177, 8.9216, 1.4443, 1.4704, 1.9689, 1.8017, 1.6233, 4.0658, 1.299, 1.2812, 2.2389, 7.5218, 1.2274, 1.8253, 5.937, 4.0746, 1.462, 1.6107, 1.1916, 2.3127, 3.0951, 2.5024, 2.1398, 1.8741, 2.2336, 1.5104, 11.5087, 1.9846, 1.8671, 8.5003, 1.8455, 1.2468, 3.9679, 1.8595, 1.7673, 1.7064, 1.4583, 9.1488, 2.9437, 1.5913, 1.2845, 2.3971, 1.2552, 1.5944, 1.4437, 2.3968, 1.4751, 2.0032, 1.6053, 1.3733, 1.7788, 2.9445, 3.9257, 1.5765, 1.9082, 1.1632, 1.2271, 1.2421, 1.0026, 1.002, 2.4872, 1.0829, 1.5012]
Total time taken in Ops: 1925.7447999999986

$=$
        Performance Logger Results.
$=$

--------------- TESTE 3 ---------------

$$$
        Performance Logger Results:
$$$

        **Reads**
Number of reads: 712    (77.5599128540305% of all Ops)
Average time taken: 1.6766758426966322
Values: [7.4466, 6.2293, 2.8049, 2.1212, 3.9833, 3.0133, 3.1246, 4.0235, 3.1932, 3.4943, 3.4727, 3.632, 7.1212, 3.8589, 3.3883, 1.5999, 2.9952, 2.5599, 1.8938, 1.6816, 2.5054, 1.3807, 4.1376, 2.9453, 2.23, 2.5392, 11.0685, 2.0107, 3.513, 2.6408, 2.95, 2.7764, 2.7225, 1.9732, 2.0406, 3.3916, 1.7697, 2.2215, 2.5766, 1.6296, 2.2144, 2.968, 7.4242, 1.5671, 1.7491, 2.1642, 2.1605, 2.3023, 2.2296, 2.6097, 2.3487, 2.1347, 2.0947, 2.4099, 1.2474, 1.1525, 1.9639, 1.7259, 1.2292, 1.2797, 1.9284, 2.4003, 1.5363, 1.7847, 1.5217, 2.0451, 2.2796, 1.3841, 1.9099, 2.4693, 1.7137, 1.2745, 2.449, 3.7664, 2.0133, 1.1253, 1.3792, 1.3993, 1.3215, 1.5047, 2.8841, 2.5661, 1.3314, 1.333, 1.8775, 1.5876, 1.4037, 2.2222, 1.6054, 1.4098, 1.4536, 2.2734, 2.8058, 1.6211, 3.0772, 2.1933, 2.1915, 3.1748, 2.2772, 2.138, 2.6257, 1.4195, 1.3957, 2.0706, 1.4292, 5.59, 2.173, 1.227, 1.9056, 2.3476, 1.5124, 3.5977, 2.1027, 1.4653, 1.4786, 1.9694, 2.1549, 1.6188, 4.83, 1.7131, 1.3653, 1.3316, 1.5298, 1.6996, 1.9382, 1.7787, 1.4001, 1.6197, 1.9122, 1.2663, 1.5128, 1.6582, 1.3862, 1.0981, 6.0047, 2.2617, 1.1397, 1.3229, 1.4817, 1.1356, 1.4929, 2.833, 1.7484, 1.833, 1.2038, 1.142, 2.1963, 2.0225, 1.7213, 2.0575, 2.496, 1.7361, 1.3004, 5.6972, 1.9192, 1.0921, 1.9112, 2.3302, 1.5121, 1.4845, 1.5727, 1.9978, 1.9438, 2.0136, 1.1449, 1.62, 1.1204, 1.2967, 1.0202, 1.5081, 1.1108, 1.0842, 1.925, 1.431, 5.4633, 1.7283, 1.2223, 1.5418, 1.0594, 0.9928, 1.1324, 1.2846, 1.3805, 0.9363, 1.7379, 2.1897, 1.3474, 1.3806, 1.6723, 1.3423, 1.7544, 0.8333, 1.0312, 1.804, 2.1558, 1.6306, 1.8955, 1.3239, 0.9844, 2.6086, 3.9799, 1.7665, 1.2199, 1.5048, 1.8142, 1.4385, 1.2381, 1.0876, 1.7696, 1.3892, 1.5506, 1.1775, 1.8292, 1.0799, 1.2501, 2.9208, 1.4098, 1.1465, 1.7922, 1.1968, 0.8877, 2.2674, 1.4847, 1.4892, 3.4617, 2.4296, 1.176, 2.5828, 1.6731, 1.7621, 1.1465, 1.428, 1.3892, 1.7411, 8.7345, 1.6413, 2.1866, 1.5064, 2.3232, 2.1022, 1.3441, 0.9626, 2.119, 1.5951, 1.1871, 1.6503, 1.6269, 1.9048, 1.2618, 2.1598, 1.1679, 1.3869, 1.3684, 0.9239, 2.6946, 1.5957, 1.3168, 1.2337, 1.4328, 0.8382, 0.9474, 1.2267, 0.9508, 0.8182, 1.3771, 1.2851, 1.4814, 1.2, 1.3212, 1.3646, 1.6703, 0.9538, 1.2726, 1.5089, 1.5477, 1.1674, 0.9146, 1.6914, 1.6716, 1.0274, 1.5059, 1.1644, 0.9468, 1.3691, 1.2114, 1.4623, 1.4564, 2.1213, 1.1602, 1.2759, 1.0981, 1.1116, 0.9545, 1.4415, 0.9125, 1.1737, 0.9752, 1.1307, 1.3857, 1.2834, 1.406, 1.1357, 0.765, 0.8546, 1.0082, 1.3243, 0.8926, 0.874, 1.3162, 1.9807, 1.4276, 1.2904, 1.3376, 5.5225, 1.4911, 5.3849, 7.1162, 1.7155, 1.0223, 0.9761, 1.5113, 14.2034, 1.2664, 1.0267, 1.8116, 1.0152, 2.3055, 3.1834, 2.0851, 1.2711, 1.922, 1.4929, 1.655, 1.1262, 1.3159, 1.1613, 0.9705, 1.4603, 1.0334, 1.0202, 1.4029, 0.9294, 1.5474, 0.8657, 1.0508, 1.588, 1.357, 1.0057, 1.8285, 1.2486, 0.9872, 6.5441, 1.2893, 0.7931, 0.8079, 1.4236, 0.8844, 1.0031, 0.9121, 1.5021, 1.5397, 1.1601, 0.8976, 1.0775, 0.9185, 0.9387, 1.233, 0.9744, 1.6705, 0.9403, 1.6063, 1.1893, 1.0923, 1.7347, 0.9972, 1.3393, 1.2031, 0.9685, 0.7495, 0.9853, 0.8315, 0.8969, 1.331, 0.9886, 0.827, 0.7228, 1.3343, 0.8997, 1.1637, 1.05, 1.1878, 1.6075, 0.8577, 1.5142, 1.6287, 1.0301, 0.8797, 1.2311, 0.9834, 1.4449, 0.8182, 1.2107, 1.1778, 0.9903, 1.1798, 0.9702, 0.7774, 1.5548, 0.9278, 0.8824, 1.1259, 1.1784, 0.8703, 1.1852, 1.0759, 1.1331, 0.8216, 1.0139, 1.4649, 1.6738, 0.9196, 1.1686, 1.4849, 1.1987, 0.9344, 1.3679, 0.9125, 0.7978, 0.8127, 0.8706, 1.189, 1.3137, 1.1292, 1.5888, 0.8691, 1.4242, 0.8182, 3.9284, 1.3121, 0.9696, 1.2875, 1.545, 0.8222, 0.7101, 2.609, 1.6418, 1.0636, 0.84, 0.8325, 0.8286, 1.4268, 0.8344, 1.4261, 1.3282, 0.91, 1.23, 1.1481, 1.0652, 0.9563, 0.8222, 1.858, 1.1539, 0.8503, 1.5176, 1.3256, 1.0421, 1.5353, 1.2784, 1.777, 1.3222, 0.7891, 0.8812, 1.1656, 0.8729, 0.9052, 1.503, 0.8679, 0.8727, 0.7125, 18.3014, 1.194, 1.3344, 1.456, 1.319, 1.0934, 0.7132, 0.8947, 1.5521, 1.0643, 0.7812, 1.5067, 1.2931, 1.6376, 1.2333, 0.9266, 1.4079, 1.0431, 1.2803, 0.7293, 0.6816, 7.0685, 1.2214, 1.1839, 1.109, 1.331, 1.2714, 2.5602, 1.5732, 1.5453, 1.1267, 2.1969, 1.2235, 1.7066, 0.9705, 1.2969, 1.485, 1.017, 1.2531, 1.2186, 3.3612, 0.766, 0.7483, 0.8163, 1.5763, 1.3672, 1.149, 1.1828, 1.1811, 1.3381, 1.7299, 0.8328, 1.5422, 1.6689, 1.4804, 1.1923, 0.8488, 0.8037, 1.5714, 0.8683, 0.8163, 0.8601, 0.9349, 1.0646, 1.1543, 1.1375, 1.6354, 1.5881, 0.7942, 1.0572, 1.1815, 0.9174, 0.7036, 0.7825, 0.6573, 1.0541, 3.9202, 0.8763, 0.9909, 0.6961, 4.0167, 0.9207, 1.1745, 1.3598, 1.0165, 1.1826, 1.3797, 0.786, 0.7146, 0.9871, 1.1361, 0.776, 0.7974, 1.0208, 0.8023, 0.9102, 1.014, 1.4593, 1.1735, 0.7605, 1.1465, 1.115, 1.9892, 1.2096, 0.9793, 1.0087, 9.3558, 1.4787, 0.7745, 1.2067, 1.1445, 1.4855, 0.833, 0.8474, 1.1756, 0.828, 0.6291, 1.1641, 0.9366, 0.7276, 2.286, 0.881, 0.6605, 0.5686, 0.7656, 0.8119, 1.2069, 1.0764, 1.3792, 1.0097, 1.0366, 0.6193, 0.7756, 0.8108, 1.1266, 1.3185, 0.7531, 0.9793, 0.6673, 1.4751, 1.2277, 1.188, 1.3892, 0.9739, 0.8399, 3.4694, 0.8744, 1.313, 1.2347, 0.6442, 0.5357, 8.7996, 0.7818, 0.7884, 0.6509, 0.6407, 0.6706, 0.8896, 1.0673, 7.1744, 0.9581, 0.7622, 0.6901, 1.2517, 1.0052, 7.3774, 1.1505, 1.6097, 1.568, 0.7479, 1.0283, 2.5669, 0.7284, 1.2028, 0.8967, 0.961, 1.0294, 1.1237, 0.7786, 1.0631, 0.89, 0.9871, 1.0859, 0.7216, 0.8955, 0.7748, 1.0529, 0.8077, 1.4625, 1.1727, 1.2385, 1.1645, 1.0743, 0.8777, 1.2301, 0.836, 0.7034, 0.672, 0.813, 1.0857, 1.1065, 1.0208, 1.3944, 0.914, 1.0187, 0.8821, 0.7973, 1.5134, 0.6986, 1.394, 1.3764, 0.6834, 0.5776, 0.8831, 0.7606, 13.0014, 1.1063, 0.5982, 0.8353, 20.4081, 0.8323, 1.1848, 1.0778, 0.8872, 1.822, 1.5965, 7.3479, 1.0953, 1.7825, 1.1092, 1.0886, 0.736, 0.9302]
        **Writes**
Number of writes: 206   (22.440087145969496% of all Ops)
Average time taken: 3.024073786407767
Values: [5.1213, 2.5801, 2.6871, 2.44, 3.7903, 3.1123, 10.8821, 6.4345, 2.8248, 2.3006, 2.3279, 2.1807, 2.1621, 2.362, 2.072, 4.7281, 2.1007, 2.1426, 3.5875, 2.1233, 3.4454, 4.1014, 2.497, 3.2191, 2.9239, 2.3072, 3.4564, 5.8754, 2.1369, 4.0061, 5.6996, 7.7983, 2.5864, 2.1734, 1.8494, 2.8142, 2.3406, 1.9463, 2.0954, 2.0428, 1.8257, 2.0826, 2.0023, 1.678, 16.2006, 1.7534, 1.8156, 5.6443, 6.6176, 1.5022, 14.6397, 1.7076, 10.8642, 7.8276, 1.8572, 1.6802, 1.3352, 1.9174, 2.1739, 2.1486, 10.6698, 2.0449, 3.5943, 1.9551, 6.0497, 2.5621, 1.9081, 2.5479, 8.4503, 2.1583, 1.7953, 1.303, 1.4768, 1.6863, 1.2519, 2.4117, 1.4935, 1.5491, 1.8842, 1.3469, 1.7044, 5.6019, 6.2588, 1.0956, 1.8718, 1.3137, 1.2977, 1.2432, 2.7736, 2.3662, 2.54, 3.9573, 5.7273, 10.3987, 1.7177, 6.0708, 1.4526, 3.6215, 1.2973, 2.7301, 1.291, 1.3553, 1.1613, 1.3318, 1.4264, 1.5353, 1.2588, 1.2572, 1.8837, 1.2728, 1.8197, 1.3405, 2.0693, 1.1278, 1.4853, 1.2897, 2.15, 1.6853, 1.5033, 1.3525, 1.0771, 1.1617, 1.1276, 1.4492, 1.1491, 1.244, 1.5763, 1.171, 1.3703, 1.3789, 1.3138, 1.6681, 1.1093, 1.7836, 1.1975, 11.7364, 1.4474, 1.4345, 15.1828, 15.2895, 4.5879, 1.7382, 2.0412, 5.3368, 5.0077, 2.4013, 1.7154, 3.0182, 1.2069, 6.0654, 1.4371, 1.6245, 1.9709, 3.4637, 1.2516, 1.0953, 0.9664, 0.9756, 5.5551, 1.1028, 1.6722, 2.0143, 1.0345, 1.118, 0.991, 2.3036, 2.511, 8.5086, 2.8043, 1.4174, 1.5601, 2.0711, 2.2669, 0.9774, 1.0237, 6.5815, 0.846, 5.8554, 1.3761, 1.5099, 1.1072, 1.8322, 11.2289, 1.3737, 1.5581, 3.3028, 4.478, 1.2925, 1.3565, 1.985, 5.8578, 9.1213, 1.3307, 0.9764, 6.8333, 3.4337, 1.5239, 1.323, 0.9808, 1.9677, 1.3993, 3.9797, 1.7399, 3.1594, 2.4796, 8.1392]
Total time taken in Ops: 1816.7524000000021

$=$
        Performance Logger Results.
$=$

