--------------- TESTE 1 ---------------

$$$
        Performance Logger Results:
$$$

        **Reads**
Number of reads: 712    (77.5599128540305% of all Ops)
Average time taken: 2.4067612359550585
Values: [7.6171, 7.4102, 6.1453, 4.0406, 5.1017, 3.5039, 4.0071, 4.6728, 3.4134, 6.3593, 4.7778, 3.4339, 3.5719, 3.96, 5.2394, 3.1596, 3.817, 4.4529, 4.2198, 4.695, 3.8591, 3.9076, 5.4154, 3.8613, 4.6747, 3.4738, 3.7105, 2.9999, 3.3871, 3.075, 3.7782, 3.1373, 5.6605, 5.7394, 4.3904, 3.5355, 3.3721, 3.4501, 3.4223, 2.891, 2.7874, 4.0602, 3.0167, 3.7986, 3.2497, 3.5793, 3.7714, 3.4114, 6.2834, 4.2755, 4.2167, 3.2939, 4.786, 6.3139, 5.6676, 4.4644, 3.8611, 3.425, 3.147, 2.9412, 3.2868, 3.6143, 2.4072, 4.9846, 2.6337, 2.6697, 3.3004, 2.855, 3.0681, 4.6729, 4.0131, 6.2953, 3.268, 2.9605, 3.0925, 2.8529, 2.3929, 13.2768, 2.876, 3.6804, 3.3133, 3.4058, 3.1295, 2.3941, 2.9487, 2.2217, 2.5147, 2.4791, 3.1647, 2.7723, 2.8121, 2.6333, 3.3024, 2.601, 3.6601, 2.4345, 3.2426, 3.2628, 2.9803, 2.4346, 2.8698, 2.3096, 2.7202, 2.7945, 2.914, 2.77, 2.3192, 2.3378, 2.6268, 2.4176, 2.9636, 2.2669, 3.1447, 2.0901, 2.8175, 3.7591, 2.9091, 3.2408, 2.6374, 2.5886, 2.7245, 2.6647, 2.565, 2.9937, 2.2761, 2.3826, 2.6713, 3.2342, 2.6277, 2.3234, 2.6042, 2.2428, 2.6857, 3.6233, 3.2859, 2.1835, 2.9055, 2.4759, 2.2328, 2.169, 2.254, 2.3721, 2.721, 2.6711, 2.2234, 3.1413, 4.4281, 2.9453, 3.5814, 9.6371, 2.4979, 2.1103, 2.8461, 2.0442, 2.3015, 2.3925, 2.3721, 2.0618, 1.8998, 2.6262, 2.1223, 1.8629, 2.2579, 2.2487, 2.0061, 2.0487, 2.343, 1.8234, 3.1543, 3.3008, 2.3331, 2.1593, 2.6161, 2.3364, 2.257, 1.8418, 2.051, 2.3724, 1.8918, 2.0025, 2.6884, 2.0101, 2.0596, 2.408, 2.1808, 2.877, 2.7059, 2.2431, 2.0491, 2.6701, 2.2403, 2.3212, 2.302, 2.4455, 2.3696, 2.2447, 2.5889, 2.2549, 3.517, 2.542, 2.9136, 2.4504, 2.2996, 7.7996, 7.8254, 2.8154, 5.5565, 2.7726, 2.6479, 1.785, 1.9783, 2.3521, 1.9325, 1.9522, 1.6244, 2.2662, 2.1291, 6.0345, 2.9117, 9.0233, 2.7253, 2.7777, 2.6332, 2.1594, 3.9549, 2.6868, 3.2924, 2.4967, 2.3024, 4.6464, 7.7206, 2.0528, 4.1896, 2.274, 3.389, 3.9591, 2.3987, 2.8997, 2.1081, 2.4362, 2.3881, 1.6625, 3.1674, 2.0701, 2.7679, 2.5574, 2.1751, 2.9988, 2.5982, 1.8985, 1.7978, 2.0451, 2.1163, 1.7836, 2.328, 2.6717, 2.9716, 1.9481, 2.7906, 2.8409, 1.7012, 1.9974, 1.7678, 1.8648, 1.7467, 1.5755, 1.9223, 1.9684, 1.9942, 5.8257, 2.0203, 2.2869, 2.1938, 2.0149, 2.0301, 1.9551, 1.6279, 1.7508, 1.8863, 1.7436, 2.0511, 1.8113, 1.8537, 2.0656, 1.5352, 1.8545, 2.0215, 1.6901, 1.7237, 2.1719, 1.7893, 1.9654, 1.9881, 1.9649, 2.3342, 1.8, 2.6837, 2.0335, 2.0321, 4.4495, 2.0431, 1.8351, 1.9317, 1.8593, 2.0714, 3.0969, 2.1163, 3.8299, 1.8944, 1.8971, 2.109, 2.406, 2.1845, 2.9536, 2.6189, 9.304, 1.9807, 8.9858, 5.4169, 2.742, 4.2325, 2.491, 4.4392, 2.0397, 3.288, 2.7502, 2.5382, 2.0494, 2.3935, 3.128, 2.1969, 3.6499, 2.6321, 2.5966, 3.6892, 2.2964, 2.828, 1.8356, 1.9318, 3.0418, 2.087, 1.9069, 2.2553, 2.3848, 2.0482, 2.3142, 1.5505, 1.8868, 2.4031, 1.675, 1.7097, 1.9601, 1.8864, 1.7878, 2.9863, 1.5603, 3.3358, 1.6554, 1.521, 1.7007, 1.4568, 3.5972, 1.5723, 1.6051, 1.345, 1.3268, 1.9087, 1.7376, 1.4011, 1.5288, 1.608, 5.1683, 1.707, 1.7489, 1.3368, 1.8631, 1.8374, 1.7201, 1.8193, 1.6124, 1.4827, 2.3242, 1.6857, 1.5383, 1.3379, 1.8871, 1.761, 2.1391, 1.7906, 2.6163, 3.0061, 3.7256, 2.1797, 2.166, 1.9051, 1.5671, 1.7951, 1.9004, 1.9201, 2.1402, 2.0836, 1.9314, 1.8008, 1.6373, 1.7951, 2.7264, 2.4646, 2.0428, 1.6676, 2.011, 1.9718, 1.861, 1.8396, 1.5886, 1.4052, 2.1715, 2.8501, 3.711, 1.3908, 1.9258, 1.8702, 1.6845, 2.1114, 1.8556, 3.6723, 2.3122, 1.6649, 2.2469, 1.5832, 6.4136, 1.7766, 2.6339, 2.6697, 1.8261, 1.4464, 2.5754, 1.4548, 1.3577, 1.7584, 1.6387, 1.7284, 2.1488, 5.798, 1.9387, 1.9449, 1.3301, 1.4481, 1.2785, 1.5608, 1.6209, 1.8212, 1.5578, 1.8243, 1.5145, 1.7055, 1.2837, 1.8772, 1.8151, 1.1915, 1.4343, 1.4427, 1.4511, 1.3439, 1.8922, 1.5535, 2.9536, 1.8403, 1.42, 2.2901, 1.6726, 2.0729, 1.9152, 1.7233, 1.2119, 1.3813, 1.7453, 1.8282, 2.1541, 1.7659, 1.2758, 1.3571, 9.9871, 1.4724, 1.5676, 1.6328, 1.3458, 1.4427, 1.5289, 1.1577, 1.1448, 1.2511, 1.2645, 1.2337, 1.2774, 1.5595, 1.4803, 1.4868, 1.6015, 1.1513, 1.2041, 1.4682, 1.373, 1.6289, 1.7392, 1.236, 1.6665, 1.6456, 1.3363, 1.5609, 1.239, 2.1949, 1.6328, 5.1878, 1.8821, 2.7247, 2.6147, 1.5723, 3.494, 5.1686, 1.9466, 1.5985, 3.3875, 2.361, 1.4391, 1.2839, 1.8056, 2.1166, 3.4948, 1.8729, 1.4692, 1.8598, 1.8338, 1.7058, 1.3115, 1.6083, 1.8738, 1.35, 1.4048, 1.2885, 1.219, 2.2518, 2.2074, 2.3439, 1.5973, 1.3742, 2.2107, 1.8955, 1.3988, 1.4826, 1.7374, 1.7214, 2.2393, 1.6291, 1.8469, 1.6082, 1.46, 1.7428, 1.4315, 1.7395, 1.7625, 1.8639, 1.1948, 2.0762, 2.218, 2.3726, 2.8445, 2.1906, 2.0176, 2.571, 1.8468, 3.7579, 2.054, 1.5886, 1.4373, 1.5805, 2.176, 1.7945, 1.9482, 2.1445, 1.531, 2.1501, 1.9724, 1.6064, 1.4703, 1.2225, 1.4686, 1.8016, 2.061, 1.6493, 1.2055, 1.5006, 1.103, 1.4262, 1.3765, 1.2544, 1.0742, 1.5286, 1.2677, 1.0465, 1.7612, 1.5221, 1.6178, 1.1442, 1.0695, 1.6362, 1.2514, 1.3139, 1.9886, 1.6429, 2.0173, 1.347, 1.7197, 1.2694, 1.0702, 1.336, 1.5761, 1.4415, 1.6216, 1.2615, 1.2206, 0.9421, 1.3556, 1.0854, 1.3979, 1.5981, 1.026, 1.0852, 1.5844, 1.1467, 6.2198, 1.4452, 1.2833, 3.6142, 1.1778, 1.3587, 1.0854, 1.2286, 1.3629, 1.1658, 1.926, 1.3203, 1.0068, 1.2375, 1.1067, 1.2525, 1.2076, 1.0917, 1.275, 1.3682, 1.1391, 1.2041, 1.0085, 1.6115, 1.7692, 1.6726, 1.769, 1.3957, 1.3896, 1.4104, 5.9683, 1.6163, 1.5128, 1.4726, 2.0203, 1.1072, 1.6063, 1.9382, 1.4244, 1.6743, 1.3971, 1.5945, 1.6586, 1.2295, 1.3657, 1.051, 1.1821, 1.5772, 1.404, 3.9833, 1.59, 1.64, 1.9523, 1.7556, 1.7328, 1.1763, 1.2248, 9.6405, 1.617, 1.5153, 1.3344, 1.6158, 1.1099, 1.4789, 1.3596, 1.3502, 1.4202, 1.1486, 1.3691, 1.0234, 1.3701, 1.6105, 2.6287, 1.4111, 1.7131, 2.1144, 1.5018, 1.5358, 1.3981, 1.3491, 1.5485, 1.0951, 1.3466]
        **Writes**
Number of writes: 206   (22.440087145969496% of all Ops)
Average time taken: 3.2695199029126214
Values: [3.1436, 4.2263, 3.5039, 7.2021, 4.5501, 4.0966, 3.4196, 4.4425, 3.6964, 3.5902, 3.1455, 7.8521, 8.1684, 6.9282, 3.4733, 4.3475, 4.4369, 2.908, 3.2758, 3.7425, 11.2097, 3.0494, 5.9858, 3.5805, 3.2733, 3.2338, 3.3058, 5.3215, 3.7171, 3.3764, 2.933, 4.1164, 8.3495, 3.7884, 3.3063, 2.4083, 2.9016, 5.147, 2.8876, 2.6527, 2.4549, 3.0766, 2.2629, 2.4575, 2.5504, 8.7821, 8.1612, 5.4033, 3.9566, 5.3673, 2.7836, 2.6673, 2.4209, 7.7222, 2.9494, 2.7818, 3.3801, 2.6504, 3.2954, 2.3713, 2.6379, 3.5124, 4.2984, 2.7574, 4.549, 4.9667, 3.3899, 2.767, 2.6982, 2.3405, 2.2401, 2.8445, 1.7815, 2.1473, 2.2746, 2.8968, 2.8764, 2.3716, 2.4592, 2.5514, 1.9585, 2.2875, 1.9878, 2.533, 2.1961, 5.7402, 3.0576, 2.3475, 2.2316, 8.7222, 8.3972, 4.2806, 4.2066, 3.5021, 4.4268, 9.3107, 4.2628, 2.0116, 8.3919, 2.5423, 1.5737, 2.7647, 1.9969, 1.68, 1.5838, 1.7106, 2.1599, 1.5548, 9.1988, 1.9436, 2.607, 5.5812, 1.9042, 1.9659, 2.0165, 2.903, 3.1155, 2.7482, 7.3621, 3.9218, 5.5588, 3.1957, 1.8929, 1.6817, 1.7312, 2.2077, 2.0056, 1.7691, 2.2163, 2.157, 1.8947, 1.7378, 2.2867, 1.6766, 1.7013, 2.1798, 1.706, 1.9774, 1.6314, 1.3014, 1.6025, 1.4348, 1.3452, 1.4927, 2.0567, 1.8321, 2.4831, 2.468, 9.7898, 2.7499, 8.7049, 2.1403, 6.5506, 3.6518, 2.1107, 2.0319, 2.0183, 2.6998, 2.5335, 2.7725, 2.2216, 1.901, 2.5177, 1.8066, 2.0125, 4.9197, 2.2464, 1.969, 8.7983, 1.6228, 1.6991, 1.2224, 1.3091, 1.8712, 2.1883, 2.4878, 7.7027, 2.1469, 1.3994, 1.2335, 1.5021, 1.6942, 4.7392, 2.9369, 1.912, 1.2729, 1.2967, 1.2028, 1.1636, 5.1046, 2.1183, 2.572, 1.5724, 3.2115, 1.9405, 1.8794, 2.0709, 6.3738, 1.5141, 1.4934, 1.5355, 1.9327, 1.7823, 3.5155, 1.8651, 1.8281]
Total time taken in Ops: 2387.135100000002

$=$
        Performance Logger Results.
$=$

--------------- TESTE 2 ---------------

$$$
        Performance Logger Results:
$$$

        **Reads**
Number of reads: 712    (77.5599128540305% of all Ops)
Average time taken: 1.8282737359550558
Values: [6.6103, 7.9317, 3.8923, 3.9043, 4.4605, 3.91, 3.1699, 3.5174, 3.3976, 2.8804, 3.549, 2.4695, 1.9336, 2.3765, 2.8391, 3.1798, 2.3417, 2.4925, 2.6682, 3.0803, 2.608, 2.1381, 4.0524, 3.3893, 3.6487, 2.8028, 3.336, 2.5373, 2.0958, 3.0337, 8.9035, 3.2284, 2.9368, 3.1673, 2.044, 8.7488, 2.5263, 2.188, 3.1653, 2.4006, 3.305, 2.603, 3.6482, 2.7083, 1.9658, 2.4987, 3.1631, 2.7002, 1.7474, 2.8037, 2.513, 2.1414, 1.938, 2.4447, 1.8738, 1.9428, 1.7488, 1.9289, 2.1204, 7.9584, 3.045, 3.1564, 8.9028, 2.2153, 2.6291, 2.0533, 2.5747, 3.5296, 2.8509, 2.5869, 1.7848, 2.0374, 2.0809, 2.5481, 1.6607, 1.9011, 1.6719, 2.5286, 1.6532, 2.6904, 2.4598, 2.5524, 1.5676, 1.6764, 2.0765, 1.8873, 2.229, 2.4388, 2.8021, 2.0108, 1.9867, 1.851, 2.6872, 1.6815, 2.5912, 1.808, 2.0664, 2.5072, 2.0664, 1.4668, 6.3701, 2.0519, 1.5333, 3.4325, 1.7351, 1.8244, 1.8966, 1.9304, 1.8278, 1.705, 2.05, 3.2688, 2.1047, 3.8523, 2.2653, 2.2628, 2.0992, 1.5192, 1.8847, 1.6834, 2.0044, 1.5887, 1.4666, 2.0065, 1.3628, 1.6554, 1.3992, 1.5502, 2.3298, 1.6914, 1.835, 1.7789, 1.6758, 1.6648, 1.9634, 1.7644, 1.8047, 1.3809, 2.1881, 4.8875, 1.9101, 2.2317, 1.699, 1.9366, 1.5686, 1.9964, 1.8333, 1.3539, 1.5162, 1.4322, 1.3004, 1.3877, 13.4807, 1.6934, 1.8033, 1.4391, 1.5404, 1.578, 1.4211, 1.8087, 10.6063, 1.772, 1.8377, 1.4432, 1.2757, 1.687, 1.1382, 1.4901, 1.5562, 1.4572, 1.7062, 1.2877, 1.4268, 1.557, 1.437, 1.5725, 1.5005, 1.7098, 1.4254, 1.4837, 1.1158, 1.1506, 1.6588, 1.5561, 1.4192, 1.4853, 1.2583, 1.5341, 1.3385, 1.2423, 1.4033, 1.0952, 1.0833, 3.0222, 1.5557, 1.0367, 1.5591, 1.6816, 1.2482, 1.1897, 1.9398, 8.2574, 7.157, 1.5047, 1.5927, 4.1641, 1.5436, 1.5581, 1.6989, 1.2985, 1.2869, 1.3078, 1.1273, 1.427, 1.4268, 1.3492, 1.5745, 7.6664, 1.9275, 1.3253, 1.1234, 1.8345, 1.3151, 1.3094, 1.6538, 1.2416, 1.2139, 1.5902, 1.3752, 1.4493, 3.8746, 1.6903, 1.6535, 1.4203, 1.3819, 1.6302, 1.6924, 1.4708, 1.9149, 1.8131, 1.2101, 1.3383, 6.1151, 2.1351, 1.3616, 1.2321, 1.2252, 4.2847, 1.2817, 1.3588, 1.3977, 1.3755, 1.5278, 1.2019, 10.2654, 1.6935, 1.3474, 1.519, 1.8268, 6.303, 1.7137, 1.479, 1.3423, 1.4196, 2.3015, 1.4258, 1.8536, 1.557, 4.3652, 1.3099, 1.7225, 1.164, 1.4188, 1.649, 1.5912, 1.1693, 1.4491, 1.4903, 1.9034, 2.6212, 2.3387, 3.4042, 2.1502, 1.5705, 1.037, 1.0953, 1.5937, 1.4, 1.3147, 1.5397, 4.3245, 1.593, 1.2777, 1.1547, 1.2006, 1.5397, 1.8245, 1.4547, 1.4713, 1.5263, 1.3856, 1.4302, 1.2326, 1.2377, 1.7226, 1.7177, 1.2396, 1.2016, 1.4253, 1.7657, 1.743, 1.7143, 1.2454, 1.1256, 1.9676, 1.299, 1.1465, 1.5833, 1.1007, 1.1971, 1.7601, 1.5631, 1.6679, 2.7952, 1.0547, 1.5451, 1.2827, 1.5594, 1.9933, 1.2272, 1.2146, 1.3203, 1.4658, 0.9849, 1.0685, 1.4832, 1.2425, 1.0422, 1.5089, 1.4345, 1.7283, 1.8507, 1.3009, 1.7389, 1.6974, 1.3074, 2.057, 2.1811, 2.2777, 1.4744, 1.4596, 2.1174, 1.0367, 1.2583, 1.3657, 1.6024, 1.3067, 2.5148, 1.2945, 1.531, 1.442, 1.2146, 2.056, 1.5965, 1.8804, 1.4386, 1.2974, 2.3329, 2.344, 2.2433, 1.608, 1.7475, 1.1671, 1.6814, 1.7658, 1.6266, 1.441, 1.3775, 1.6333, 1.4472, 1.1944, 1.4482, 1.7805, 1.2832, 1.3683, 1.5843, 1.2335, 1.1678, 1.3938, 1.3763, 2.5761, 1.9032, 1.2685, 0.9687, 1.4744, 1.5414, 1.3766, 1.4272, 1.7047, 1.3847, 1.5554, 1.2296, 1.6454, 1.3325, 1.7134, 1.3301, 1.2028, 1.6545, 1.1299, 1.234, 1.5336, 1.4891, 1.2054, 1.9682, 1.2588, 0.9994, 0.9177, 1.1257, 0.9528, 0.9641, 1.5414, 1.2361, 1.3128, 1.0595, 0.9684, 1.236, 0.9459, 0.8681, 1.3675, 1.5327, 1.0598, 2.3567, 4.911, 1.4193, 1.1849, 1.2083, 0.9322, 1.6576, 1.4868, 1.1273, 0.9991, 1.1496, 0.9481, 1.3695, 1.2614, 1.3077, 0.9903, 1.0804, 0.9039, 1.2914, 0.874, 1.3408, 1.2236, 1.0892, 0.8829, 0.943, 1.1783, 0.9377, 0.8988, 1.2726, 1.1846, 1.0685, 1.2213, 0.8905, 1.2516, 0.933, 1.2717, 1.0482, 1.2252, 1.2154, 0.8457, 1.1717, 1.2518, 1.1484, 1.0212, 1.0776, 1.005, 1.0391, 1.1031, 1.3513, 1.1893, 1.1099, 1.0531, 1.6041, 1.1744, 0.962, 1.2441, 1.2534, 0.9852, 0.9682, 1.235, 0.9649, 1.3751, 1.0695, 0.8495, 1.8285, 1.2114, 1.6196, 1.2815, 0.9044, 2.1821, 1.4232, 0.9872, 1.2569, 0.9949, 1.0181, 1.3427, 1.1819, 2.2331, 1.3888, 1.1156, 0.9043, 1.2306, 3.0839, 1.481, 1.5212, 1.407, 1.1144, 1.1459, 1.1053, 1.2984, 1.2212, 0.9496, 1.0947, 0.9104, 12.8934, 1.3346, 1.2455, 1.2299, 1.0575, 0.9391, 1.6006, 1.1037, 0.8824, 1.3304, 0.8955, 1.1393, 1.6123, 1.0556, 1.1634, 1.082, 2.1502, 1.3996, 0.8971, 1.2544, 1.3999, 1.5849, 1.0369, 1.0745, 1.5986, 1.0314, 0.8958, 1.1047, 0.8303, 3.0962, 0.8677, 1.0796, 1.6655, 4.7828, 1.128, 1.1407, 1.1354, 1.289, 1.0595, 1.0799, 1.6479, 1.1103, 1.0551, 1.1792, 0.8116, 1.7381, 1.2785, 1.0963, 1.0032, 1.3231, 1.4686, 1.2523, 1.8089, 1.8138, 1.6454, 1.2226, 0.8978, 0.9637, 4.0969, 1.506, 1.3608, 1.2926, 1.7548, 1.5274, 1.5919, 2.5786, 1.5301, 2.0077, 6.8432, 2.3553, 1.9049, 2.7952, 1.585, 2.9026, 2.6183, 1.924, 2.3646, 1.7701, 2.8545, 1.394, 1.3798, 2.7199, 1.87, 2.0461, 1.4316, 1.5863, 3.6411, 1.497, 1.8404, 1.4629, 1.6672, 1.3741, 0.9328, 3.2228, 1.7612, 1.3763, 1.44, 1.6605, 1.5905, 1.7025, 1.9002, 1.4092, 3.1778, 1.6642, 1.242, 1.6761, 1.1334, 1.1051, 1.0758, 2.0306, 1.5759, 1.4076, 1.1943, 1.3843, 1.4233, 1.4088, 1.2532, 1.3969, 1.3487, 1.0749, 1.2863, 1.6782, 1.2206, 0.9666, 1.7043, 1.3949, 1.1559, 1.8963, 1.2695, 1.1353, 1.6217, 3.4543, 1.4746, 1.6504, 0.9922, 0.9696, 1.5473, 1.0658, 0.9306, 1.0619, 6.3217, 1.6377, 1.731, 1.2162, 1.337, 1.1943, 1.2159, 0.9938, 1.4655, 1.1009, 1.0353, 1.1198, 1.4933, 0.9151, 0.9072, 2.7145, 1.1201, 0.9873, 1.6423, 0.97, 1.3557, 1.1547, 1.1254, 1.233, 1.3596, 1.2176, 2.0298, 1.4619, 1.4319, 1.6114, 0.8987, 1.4932, 1.24, 0.9267, 1.0279, 1.0295, 1.3447, 1.2888, 1.1555, 1.4413, 1.6709, 0.9704, 0.9878, 0.8216, 1.1122, 1.3833, 1.4693]
        **Writes**
Number of writes: 206   (22.440087145969496% of all Ops)
Average time taken: 2.1679766990291256
Values: [2.9927, 4.8587, 2.805, 2.5404, 4.1289, 4.5565, 2.6273, 3.9063, 4.3794, 2.1449, 9.5927, 2.1833, 2.346, 2.3773, 5.1632, 2.9603, 2.9572, 2.6971, 2.2497, 2.1139, 1.8973, 1.9493, 2.1147, 2.751, 2.6421, 2.4201, 2.8596, 2.1643, 2.179, 2.6123, 3.8429, 1.819, 1.9842, 2.4309, 1.8994, 1.7289, 1.7515, 2.182, 2.332, 1.8271, 1.6415, 2.1071, 2.0939, 1.7945, 1.6702, 1.5063, 2.3048, 1.5012, 1.5291, 1.5267, 1.6886, 1.7268, 1.4647, 1.5893, 1.756, 1.7436, 1.9464, 2.4869, 2.1246, 1.6342, 1.64, 1.8572, 1.894, 5.1347, 1.8779, 2.052, 3.7122, 1.649, 2.1818, 2.0085, 1.9312, 1.6883, 1.4488, 2.5268, 2.0079, 1.6273, 1.8734, 1.8234, 1.4428, 1.8827, 1.7607, 1.5451, 2.035, 1.4695, 1.752, 1.848, 1.839, 2.571, 2.6778, 7.507, 1.5629, 2.2818, 6.9174, 1.4338, 1.3799, 1.5621, 1.4617, 1.4672, 2.1308, 1.6422, 1.9027, 2.2941, 1.3229, 1.6018, 2.8047, 1.4717, 1.3582, 1.7059, 1.6603, 2.5617, 1.4397, 1.7427, 1.7677, 1.9237, 1.4343, 1.98, 2.0018, 1.8635, 1.2547, 1.248, 1.4999, 1.3658, 1.3626, 1.7564, 1.2561, 1.26, 1.5972, 1.0764, 3.0825, 1.3956, 1.2803, 1.7667, 1.318, 1.1268, 1.2931, 1.1011, 1.1953, 1.0736, 1.3003, 1.4952, 10.5992, 0.9137, 1.1984, 1.6924, 1.5843, 1.1267, 1.7411, 1.4375, 7.0718, 1.5801, 2.7332, 1.6042, 1.2706, 1.7891, 1.2241, 3.2138, 1.2045, 1.3118, 1.0766, 1.0829, 1.4122, 1.588, 1.2504, 1.5827, 1.577, 1.4521, 6.0083, 5.1601, 1.652, 3.3636, 2.0138, 2.0476, 1.8178, 1.5493, 2.078, 2.7801, 2.365, 1.7052, 2.6062, 2.7954, 1.8, 1.9305, 1.7682, 1.7495, 1.5137, 1.6549, 1.6312, 2.4218, 1.2779, 1.2337, 1.9526, 1.9293, 1.4891, 1.0892, 1.7748, 1.0954, 1.2389, 5.15, 1.102, 1.3803, 2.3246, 1.3184, 1.3139, 2.5433, 6.7413, 1.0653]
Total time taken in Ops: 1748.3340999999996

$=$
        Performance Logger Results.
$=$

--------------- TESTE 3 ---------------

$$$
        Performance Logger Results:
$$$

        **Reads**
Number of reads: 712    (77.5599128540305% of all Ops)
Average time taken: 1.6335530898876398
Values: [6.6571, 7.4293, 3.0014, 2.4336, 7.2196, 3.8046, 3.5056, 3.883, 7.5188, 4.672, 3.918, 2.8831, 3.4627, 1.9319, 2.2455, 2.0328, 1.9662, 1.8867, 3.0509, 2.3996, 2.1201, 2.5145, 3.4396, 2.7695, 1.8029, 2.2189, 3.0478, 2.0265, 2.5685, 2.0669, 3.0666, 2.9981, 3.6628, 2.2476, 2.4897, 3.1213, 3.3469, 2.1755, 3.2704, 2.3141, 2.364, 5.246, 1.9921, 1.9847, 2.4878, 1.7635, 2.2355, 1.6978, 3.6237, 1.8418, 4.358, 1.9613, 1.7308, 1.8691, 1.6861, 2.0372, 1.5632, 1.8049, 2.1447, 1.5693, 1.8625, 2.3501, 1.6462, 2.4303, 2.0286, 1.4459, 2.4801, 2.2581, 1.952, 2.2059, 1.649, 1.7021, 2.2793, 1.7402, 2.8999, 1.9875, 2.3655, 1.7205, 2.1208, 1.931, 3.2439, 1.4813, 1.512, 1.5518, 2.2837, 1.6131, 1.9113, 1.478, 1.8246, 1.7595, 1.4872, 1.6595, 3.6669, 1.5367, 1.8107, 1.503, 1.7533, 2.2587, 1.7226, 2.0109, 2.0176, 1.3889, 1.5814, 1.987, 1.5736, 1.602, 2.0319, 2.035, 1.619, 1.5598, 1.2019, 1.5414, 1.8124, 1.373, 1.8045, 1.7567, 1.9928, 1.7495, 1.8115, 1.9978, 1.29, 1.3397, 1.6045, 2.0086, 1.5921, 1.6195, 1.3174, 1.4431, 1.5117, 1.3454, 1.176, 2.5457, 1.7612, 1.6206, 2.198, 1.5857, 1.7094, 1.3211, 1.4208, 1.1527, 1.5437, 8.2657, 2.0087, 1.9637, 1.3525, 1.9709, 1.4365, 1.2858, 1.453, 1.2254, 1.6434, 1.5932, 1.6764, 1.2811, 1.4571, 2.4486, 1.4717, 1.5608, 1.5093, 2.1408, 1.6077, 2.5006, 1.5488, 1.5884, 1.5396, 1.5636, 4.1728, 1.4049, 1.3792, 1.1956, 1.1071, 2.4212, 1.2163, 1.4135, 1.5358, 10.1461, 1.395, 1.857, 1.4161, 2.9081, 1.4515, 1.3293, 1.4772, 1.346, 1.3386, 1.9076, 1.4086, 1.5263, 1.2064, 1.6681, 1.3399, 1.1507, 1.0033, 1.3746, 1.4576, 1.1466, 1.7008, 1.4701, 2.2806, 1.3609, 1.5597, 1.8258, 1.6472, 1.1205, 1.354, 1.5341, 1.3833, 1.1889, 1.7822, 1.2446, 0.9736, 1.1982, 1.5144, 1.2339, 7.9061, 1.6198, 1.3366, 1.1459, 1.6527, 1.2488, 1.4033, 1.3575, 1.1041, 1.4295, 1.7447, 1.4756, 1.2014, 1.2285, 1.3085, 1.1176, 0.966, 1.3646, 21.9206, 1.6997, 1.2266, 2.0074, 1.633, 1.38, 1.8681, 1.5841, 1.6184, 1.4888, 1.762, 1.3555, 1.6722, 2.6125, 1.9296, 1.5878, 1.4729, 2.15, 1.4993, 1.1548, 3.2647, 1.8672, 1.5486, 1.7736, 1.4075, 1.5517, 1.5393, 2.2442, 1.3301, 1.4572, 1.2817, 1.5412, 1.5282, 2.0519, 1.3936, 1.2783, 1.2447, 1.7025, 1.7365, 1.1676, 1.4647, 1.2679, 2.8362, 1.4802, 1.301, 1.2692, 1.3947, 1.019, 1.8287, 1.194, 1.1058, 1.3367, 1.0897, 1.1531, 1.3974, 2.7629, 1.2705, 1.751, 1.0095, 0.948, 1.263, 1.1074, 1.2855, 1.2752, 1.6958, 1.593, 1.3643, 1.6169, 1.6118, 1.3224, 1.2894, 1.3133, 1.2661, 1.324, 1.2353, 1.169, 8.433, 1.2211, 2.2622, 1.5195, 1.2889, 1.0936, 1.2503, 0.9464, 10.1113, 1.458, 1.2433, 0.9721, 1.878, 1.0509, 1.0467, 0.9261, 0.9548, 0.9903, 0.8878, 1.1451, 1.9035, 1.3848, 1.1548, 1.4961, 1.4013, 1.005, 0.995, 1.0339, 1.1018, 3.7101, 1.0088, 1.0121, 1.3453, 1.0938, 1.5067, 1.1857, 1.2429, 1.794, 1.3909, 1.4171, 1.4238, 1.0224, 0.9704, 1.4532, 1.1595, 1.0186, 1.128, 1.0744, 1.0818, 1.3937, 0.982, 1.6313, 1.322, 1.0699, 0.9995, 1.2503, 0.8486, 0.7109, 0.6956, 1.0701, 9.5431, 1.2747, 2.5335, 1.5318, 1.328, 1.1177, 1.1995, 0.9996, 1.2098, 0.9849, 0.781, 1.7485, 0.8167, 1.155, 1.2345, 0.9444, 0.796, 0.9823, 1.3985, 0.9695, 0.9498, 1.028, 1.4969, 1.0279, 0.9054, 1.0689, 1.5108, 1.0083, 0.958, 0.7754, 0.9746, 0.9486, 1.5314, 0.9853, 1.1207, 1.154, 1.3283, 0.842, 0.8415, 1.1161, 0.9289, 1.1803, 1.8656, 1.0323, 1.3222, 1.1194, 1.2198, 0.9285, 0.9529, 1.3266, 0.8571, 1.2651, 0.8761, 1.2338, 1.2748, 0.9532, 0.9801, 1.2862, 1.0528, 0.8986, 1.9039, 1.4598, 1.385, 1.2569, 0.9176, 1.3926, 0.9697, 1.1719, 0.8954, 0.7504, 0.9913, 1.1087, 1.2191, 1.2764, 0.912, 0.8637, 1.3684, 1.0213, 0.9343, 0.9918, 1.5275, 0.9732, 1.0643, 0.9289, 1.0631, 1.1077, 0.9501, 0.8196, 1.3159, 1.2366, 0.8525, 0.8702, 1.0291, 1.1675, 0.8431, 0.9975, 1.4455, 1.0771, 1.3677, 0.8815, 0.8929, 1.2416, 1.0632, 1.0203, 1.2662, 0.8723, 0.9592, 1.3921, 0.9998, 0.9217, 1.6769, 1.5483, 0.9669, 1.4395, 0.9969, 1.4272, 1.3502, 1.2775, 1.3324, 1.282, 0.88, 1.1388, 1.032, 1.1152, 0.9486, 0.8679, 2.2536, 1.0857, 0.758, 1.3808, 1.0992, 1.3158, 1.3327, 1.2327, 1.1376, 1.4026, 1.1315, 1.2173, 1.4815, 0.9456, 1.0988, 1.0835, 0.9534, 0.9324, 1.1725, 1.4558, 3.5352, 1.8267, 1.1678, 1.0874, 1.3828, 1.1416, 0.9986, 1.0098, 1.1373, 1.0141, 0.9437, 1.5327, 1.2738, 1.4809, 1.7971, 1.6965, 1.7643, 1.7722, 1.4382, 1.6045, 1.1564, 0.7915, 1.1057, 1.1738, 0.966, 0.9116, 1.4855, 0.9591, 0.8922, 9.5903, 0.8719, 1.2642, 1.2446, 1.1193, 0.814, 1.5955, 1.2235, 0.9239, 1.8138, 1.3693, 1.6977, 1.1977, 8.1308, 1.1825, 1.0138, 1.1705, 0.9735, 3.3862, 1.2226, 0.9809, 0.8694, 1.2349, 0.9542, 0.813, 1.094, 1.0368, 0.7106, 0.8604, 0.9132, 1.025, 0.9723, 1.0305, 1.4265, 1.31, 1.1223, 0.973, 1.3623, 4.8189, 1.866, 1.4638, 0.88, 0.9638, 1.026, 1.1733, 1.2756, 0.9984, 1.1423, 1.1483, 0.8796, 1.3524, 0.9202, 0.8679, 1.2622, 0.8636, 0.885, 1.1558, 1.0931, 0.9075, 0.8673, 0.8269, 0.9943, 1.1285, 1.3941, 1.2083, 1.4385, 0.7729, 0.8786, 1.6893, 0.8785, 0.7859, 0.9061, 0.9121, 0.9679, 0.6606, 0.8684, 0.9805, 0.9281, 1.0781, 0.9125, 0.7707, 1.1417, 1.1097, 0.913, 1.3405, 1.129, 0.752, 1.4359, 1.3419, 0.9262, 0.8359, 1.5931, 1.2336, 1.0183, 0.8867, 1.1142, 1.6045, 0.8858, 1.2901, 1.2263, 0.9859, 7.4176, 1.6791, 1.0171, 1.1067, 1.0307, 0.8533, 1.4208, 1.1276, 3.1259, 0.8925, 0.8972, 1.2051, 0.9443, 0.8327, 1.41, 0.919, 0.8016, 1.472, 2.6178, 1.3232, 0.9725, 0.973, 8.3566, 1.1282, 1.3224, 1.1706, 1.6236, 1.1112, 1.1015, 1.4248, 1.1182, 6.923, 0.9532, 0.7983, 1.0344, 1.2611, 0.8045, 9.7303, 1.4755, 1.1917, 0.9889, 0.9215, 1.1786, 0.8241, 0.8477, 1.2326, 1.2545, 0.7725, 1.4999, 0.9347, 0.8784, 1.1073, 0.8178, 0.8541, 1.0381, 1.0963, 1.3447, 1.0063, 0.6427, 0.7802, 0.938, 0.7237, 0.8428, 1.1032, 0.7541, 2.8598, 0.9358, 0.9857]
        **Writes**
Number of writes: 206   (22.440087145969496% of all Ops)
Average time taken: 1.9118922330097097
Values: [2.4883, 2.4147, 2.4247, 2.5864, 2.7377, 2.8549, 2.2843, 12.3059, 2.4979, 2.1147, 4.0609, 2.3029, 2.298, 2.2135, 1.8499, 2.1772, 2.4297, 2.2321, 1.8317, 1.9251, 1.7624, 1.7471, 1.867, 1.5898, 1.9886, 1.9811, 1.6324, 1.8404, 1.9813, 1.4588, 1.727, 5.0583, 1.7292, 1.9652, 6.2585, 1.7451, 1.7049, 1.7026, 1.8913, 2.3719, 1.7528, 1.8924, 1.4915, 1.183, 1.8053, 1.6476, 1.7036, 2.1888, 1.6481, 2.0691, 1.7743, 1.5774, 1.7586, 1.9544, 1.5515, 1.6738, 1.4069, 1.8033, 1.2036, 1.8558, 1.6639, 1.3758, 2.497, 3.615, 1.5739, 1.3392, 5.8963, 2.1836, 1.7253, 2.3978, 2.0908, 1.3807, 1.5334, 1.8241, 2.3521, 3.2691, 2.1815, 2.0296, 1.556, 1.4223, 1.5852, 1.4804, 1.4043, 6.0147, 1.7153, 6.2977, 1.2525, 1.5575, 1.4458, 1.2669, 1.1978, 0.9933, 1.1517, 1.2628, 1.0133, 1.5191, 1.0362, 1.067, 2.4942, 1.1572, 1.3293, 1.2154, 1.3754, 1.0306, 1.049, 1.1736, 1.2994, 1.616, 1.1239, 1.3345, 1.1532, 1.1188, 1.0064, 1.0349, 1.045, 1.1913, 1.1997, 1.2014, 1.3242, 0.9316, 0.9666, 1.0482, 1.2753, 1.0802, 1.0933, 0.9976, 1.1063, 1.2335, 1.0793, 0.8753, 1.0867, 1.1661, 1.1157, 1.1349, 1.2467, 1.3165, 1.2509, 1.236, 1.1345, 0.9714, 1.1951, 1.2264, 1.5487, 5.5871, 1.1675, 7.7501, 6.1282, 3.5417, 1.263, 1.1736, 0.9941, 1.0313, 1.5248, 1.2367, 1.3533, 1.4156, 1.042, 2.3922, 1.4263, 1.7502, 1.7441, 1.3364, 2.3099, 0.9915, 1.5106, 6.4295, 5.0717, 0.9183, 1.2735, 1.072, 1.3516, 1.0041, 9.9547, 1.4672, 1.6189, 2.4517, 1.0145, 1.0417, 0.924, 0.9699, 3.5681, 1.5439, 1.4522, 1.0753, 1.6422, 1.2843, 1.4021, 3.5152, 5.53, 1.1012, 1.4826, 1.1075, 0.9907, 1.4105, 1.3571, 1.6239, 1.1814, 1.1522, 1.0816, 1.0275, 1.0455, 1.1104, 1.1908, 1.0753, 1.6807, 1.0498]
Total time taken in Ops: 1556.9395999999997

$=$
        Performance Logger Results.
$=$

