--------------- TESTE 1 ---------------

$$$
        Performance Logger Results:
$$$

        **Reads**
Number of reads: 712    (77.5599128540305% of all Ops)
Average time taken: 2.7084783707865228
Values: [7.1924, 10.1456, 5.8395, 5.3224, 4.9186, 4.4032, 3.5964, 4.576, 4.6004, 4.7212, 4.2998, 3.2561, 3.5414, 3.5719, 3.7262, 3.6571, 3.9838, 3.7413, 4.7829, 6.2836, 4.8185, 3.6823, 4.2879, 4.225, 3.7191, 3.5977, 4.2867, 4.1913, 4.1788, 3.2027, 3.6714, 3.0163, 5.8558, 3.5696, 3.0721, 3.6142, 2.529, 2.9551, 3.8417, 3.1189, 3.2815, 5.557, 2.9765, 3.0374, 3.5239, 3.4742, 3.0554, 3.4749, 3.5165, 3.4274, 15.7451, 3.1167, 4.0449, 8.3117, 4.6288, 4.3754, 4.0714, 3.603, 3.1485, 4.2642, 3.3126, 3.9192, 2.7163, 5.7033, 3.7563, 5.8519, 3.6347, 2.6372, 3.846, 5.7601, 4.1993, 4.6689, 3.1712, 3.9254, 3.7321, 3.6695, 3.977, 4.4339, 2.7372, 4.0479, 3.1535, 3.5426, 2.7541, 2.2561, 2.9705, 2.8162, 2.7539, 3.3777, 2.6136, 3.22, 2.8773, 2.5591, 3.1379, 3.2068, 4.4951, 4.7578, 3.3432, 3.6994, 3.0704, 2.8364, 2.9881, 3.1593, 3.7066, 3.757, 3.542, 4.4333, 6.5981, 3.1566, 2.8378, 2.8025, 2.2033, 2.4385, 2.7241, 2.4716, 2.833, 3.0184, 3.385, 2.6934, 2.5594, 6.4272, 3.7065, 3.4132, 2.6708, 3.4672, 2.704, 2.9482, 3.1495, 3.2406, 2.7804, 2.6669, 2.1034, 2.7019, 2.52, 2.7687, 3.6793, 2.4606, 2.6901, 3.0556, 2.1376, 3.1495, 3.9229, 2.5929, 3.0499, 2.6493, 2.7782, 2.4452, 2.2248, 2.0913, 3.8006, 2.7215, 2.2164, 2.3078, 3.2517, 4.7711, 2.3993, 2.9768, 2.547, 4.5172, 3.1074, 2.6229, 2.6458, 2.2281, 2.5571, 2.324, 2.4483, 2.6926, 4.1378, 2.9907, 5.6675, 4.0102, 5.578, 2.4519, 2.5786, 3.1851, 2.4383, 2.6787, 2.9855, 2.8931, 2.7387, 2.5315, 2.435, 2.5374, 2.3912, 2.7234, 2.2157, 3.73, 2.8775, 2.2197, 2.144, 2.1648, 2.3263, 2.6513, 2.9843, 3.7325, 2.3698, 3.6356, 2.4234, 1.8626, 2.2109, 2.623, 3.0941, 2.1207, 3.081, 2.6609, 6.5972, 3.0717, 2.9495, 2.551, 2.9232, 2.357, 2.4533, 3.9276, 2.6396, 2.6151, 2.2193, 2.0853, 2.5615, 5.858, 2.5051, 2.2723, 2.6577, 2.348, 3.2261, 3.8845, 2.2051, 2.3848, 4.738, 3.7748, 2.441, 4.5677, 4.7729, 3.58, 3.868, 3.3939, 3.4548, 4.2446, 3.5457, 4.4998, 4.9473, 3.7252, 2.5762, 2.779, 2.4001, 2.2824, 2.5632, 2.5496, 2.3578, 2.398, 2.9655, 2.7673, 1.8886, 1.7874, 1.932, 1.9334, 2.626, 2.4251, 1.9171, 1.9368, 2.0403, 2.8083, 1.8866, 1.6438, 1.6914, 2.1159, 1.9585, 2.1205, 1.8887, 2.304, 1.9441, 8.8494, 3.0347, 2.6075, 3.9327, 2.2611, 3.2202, 2.9944, 2.3935, 2.8584, 2.4869, 1.8524, 1.8361, 2.5108, 2.2185, 2.1294, 2.1435, 1.9244, 2.2342, 1.8208, 1.8654, 2.1953, 2.1504, 2.0621, 2.5408, 2.4646, 4.0923, 3.6144, 10.2676, 2.2979, 2.4938, 1.7854, 1.6731, 2.8966, 2.118, 1.8128, 2.2044, 2.4634, 4.0647, 2.3158, 2.3009, 3.1378, 1.9535, 1.8561, 2.1879, 1.9902, 1.8831, 2.5278, 1.9878, 6.3997, 4.0435, 4.8918, 2.9458, 4.064, 3.554, 2.9535, 3.7006, 4.7108, 2.5711, 3.3811, 3.6754, 2.9025, 3.6022, 2.4207, 3.2923, 5.6227, 4.7579, 4.7088, 3.7355, 5.4981, 2.68, 2.2097, 2.467, 2.4321, 2.6088, 3.1002, 2.9313, 2.1798, 1.9461, 1.9624, 2.6955, 2.0663, 1.7607, 2.2493, 2.0292, 2.02, 1.7028, 2.1722, 1.8768, 1.4049, 1.9583, 1.7911, 2.2173, 1.6868, 2.2547, 1.8971, 1.5121, 1.7894, 1.387, 1.4662, 2.0662, 1.9545, 1.8975, 1.8503, 1.9882, 2.172, 1.6309, 1.5231, 1.7869, 2.0887, 1.542, 1.7739, 1.621, 1.5354, 1.8732, 1.5962, 6.8847, 1.7948, 1.8388, 4.4342, 4.0666, 2.5394, 3.6185, 1.8652, 2.6051, 8.5679, 9.9917, 2.4049, 2.9098, 2.3721, 2.2659, 2.2762, 10.3835, 2.8755, 9.0361, 1.8145, 1.701, 1.5254, 1.3784, 1.9728, 1.7543, 1.699, 1.6506, 1.6847, 1.7565, 2.0341, 1.661, 1.3825, 4.4295, 5.0412, 2.0565, 2.5885, 1.7389, 1.9599, 2.3231, 2.6266, 1.9489, 2.3076, 1.7021, 1.549, 11.1635, 1.9675, 1.6986, 1.6923, 1.7732, 2.0912, 1.5842, 2.1365, 1.5179, 1.6537, 1.7463, 2.0869, 2.0349, 1.6404, 1.4999, 1.5743, 1.773, 1.6147, 1.8821, 1.7771, 1.7282, 5.7221, 2.2343, 1.6915, 1.84, 1.6189, 1.7556, 1.5735, 2.0125, 2.5537, 2.2142, 1.533, 1.8755, 1.3716, 1.5107, 1.6148, 1.8663, 1.9737, 1.9836, 2.15, 1.9643, 1.5869, 1.3916, 1.2407, 1.6426, 1.4016, 1.5951, 2.1246, 1.8143, 1.3869, 1.5026, 1.5137, 1.674, 1.8245, 1.7925, 2.4031, 2.5986, 1.7155, 1.7251, 2.8884, 1.971, 2.3352, 1.8119, 2.3918, 1.5007, 1.5313, 2.1665, 1.8349, 1.823, 2.0417, 2.5687, 1.3654, 2.8593, 1.8319, 1.7414, 3.4939, 1.8056, 1.5682, 1.6144, 1.6021, 1.3456, 1.3111, 2.4289, 1.6819, 1.6942, 2.2455, 2.8271, 5.8442, 3.1675, 2.0441, 3.18, 1.823, 4.8139, 2.3064, 5.7182, 2.6747, 4.0847, 4.9581, 2.5255, 4.7422, 3.0036, 1.8185, 1.8535, 2.9465, 3.0391, 2.1612, 1.8836, 1.5333, 1.9752, 2.2419, 2.9603, 1.8443, 2.2262, 2.3034, 2.3109, 2.9833, 1.6892, 1.9681, 2.2854, 1.8528, 1.8774, 1.9056, 1.655, 1.7452, 3.0888, 2.7653, 1.9663, 5.0649, 1.9747, 4.2824, 2.1322, 3.151, 3.8492, 2.2956, 1.9563, 2.7524, 2.8667, 3.7349, 2.8336, 2.884, 2.0592, 1.5559, 1.9083, 2.5661, 3.4481, 3.6267, 3.3755, 2.359, 2.6487, 3.2642, 2.0998, 2.3271, 12.2135, 2.3535, 2.599, 2.2758, 3.233, 2.0429, 1.9573, 2.1026, 3.906, 4.6013, 2.6964, 3.2122, 1.5759, 2.1645, 1.9905, 2.1275, 2.0208, 1.7561, 1.689, 1.8986, 9.852, 1.8937, 1.7004, 2.0544, 1.84, 1.567, 7.1466, 1.6529, 1.4447, 1.2817, 1.3663, 1.6263, 1.2094, 1.2454, 1.2031, 1.8901, 4.9395, 3.0127, 1.4777, 1.9399, 1.4298, 1.5507, 1.3254, 1.4324, 1.944, 1.6287, 1.4344, 2.0463, 1.2401, 1.133, 1.4805, 1.278, 1.333, 1.13, 1.4883, 1.3237, 1.3008, 1.0816, 1.2621, 1.1943, 1.0745, 0.9442, 1.3993, 1.3146, 1.3077, 1.4945, 1.362, 1.6033, 2.0936, 1.7607, 2.3646, 1.5928, 3.3715, 1.497, 1.2215, 1.7025, 1.2959, 1.2185, 1.5822, 1.6776, 2.2948, 1.5586, 1.3055, 1.1845, 1.7488, 1.5242, 1.3951, 1.1684, 1.1963, 1.3626, 1.1407, 0.8789, 1.0612, 2.0434, 1.3692, 1.0961, 1.6155, 1.2994, 0.9948, 1.0517, 1.3012, 1.5926, 1.2831, 1.2976, 0.986, 1.0814, 1.3258, 1.0595, 1.1449, 1.2956, 1.0094, 0.9912, 1.2764, 1.0376, 1.1311, 1.1098, 1.243, 1.2117, 1.0472, 1.0217, 1.1607, 1.1828, 1.1862, 1.0035, 1.3842, 1.1936, 0.9762, 1.1385, 0.8826, 1.236, 1.0431, 1.2008]
        **Writes**
Number of writes: 206   (22.440087145969496% of all Ops)
Average time taken: 2.6020490291262144
Values: [3.2966, 3.4913, 3.0455, 4.0341, 4.2793, 4.1015, 3.3136, 2.9221, 2.6715, 3.0696, 4.2428, 5.0051, 4.1589, 5.1577, 3.378, 3.2139, 3.2885, 2.9836, 3.621, 3.2012, 3.1225, 5.7152, 2.7585, 3.207, 3.4791, 3.1261, 3.4534, 3.2047, 2.7453, 2.7649, 2.2799, 3.433, 4.9507, 5.25, 2.95, 4.094, 2.3026, 2.6613, 3.4741, 3.023, 3.0303, 2.0451, 2.8416, 2.9454, 3.6354, 4.0185, 4.2163, 2.8696, 4.1682, 2.5745, 2.5693, 2.7709, 3.1124, 2.3473, 2.3804, 2.4434, 2.5533, 3.4596, 2.5625, 3.8093, 2.5052, 4.9764, 6.6879, 5.6295, 4.5785, 4.5105, 4.9623, 2.3209, 3.6155, 2.7316, 2.9427, 2.3106, 1.9803, 1.7439, 2.3797, 1.8804, 3.2732, 3.9035, 2.5146, 2.1768, 2.1418, 1.9352, 2.1359, 2.2976, 1.9047, 2.6158, 2.4183, 3.0637, 1.8557, 1.7874, 3.986, 2.8386, 2.9277, 4.051, 5.2718, 3.8257, 2.4775, 2.1405, 2.2307, 2.4814, 1.7079, 1.917, 1.6061, 1.3498, 1.6879, 3.0255, 2.1398, 2.1191, 2.5418, 3.5817, 2.9501, 3.0918, 1.8985, 3.2966, 2.3087, 2.7336, 1.8106, 1.688, 3.6143, 2.6356, 3.3571, 1.9134, 1.684, 1.7424, 2.0267, 1.6589, 1.6027, 2.3707, 1.5737, 1.6243, 2.4769, 1.4533, 1.619, 2.0342, 1.387, 1.509, 2.0227, 1.7193, 3.395, 1.9118, 1.6417, 2.062, 2.0525, 1.5771, 1.8486, 1.3275, 1.4823, 1.5869, 2.8463, 7.0909, 4.7601, 2.2471, 2.5206, 2.1633, 2.2149, 1.822, 2.2575, 2.9457, 1.8582, 2.4234, 2.1237, 2.1668, 3.1139, 2.5996, 3.0105, 1.4881, 2.2471, 3.4877, 2.6213, 3.8378, 2.399, 2.2303, 1.6159, 1.8999, 1.5506, 1.163, 1.8485, 1.6914, 1.5789, 1.2783, 1.3426, 1.4949, 1.2062, 1.2766, 1.4195, 1.194, 1.5779, 1.8591, 2.9646, 1.4994, 1.3654, 0.9622, 1.2019, 1.1454, 1.1476, 1.0974, 1.0284, 1.0716, 1.0304, 1.0425, 1.1191, 1.0636, 1.0241, 1.1514, 1.3365, 1.097]
Total time taken in Ops: 2464.4587000000042

$=$
        Performance Logger Results.
$=$

--------------- TESTE 2 ---------------

$$$
        Performance Logger Results:
$$$

        **Reads**
Number of reads: 712    (77.5599128540305% of all Ops)
Average time taken: 1.9292683988764017
Values: [7.9514, 6.5676, 3.5047, 3.2277, 3.56, 3.2773, 3.3926, 3.6536, 3.0336, 3.6277, 3.9205, 2.8209, 3.1254, 4.5348, 2.7059, 2.9827, 6.4952, 3.1157, 3.0718, 3.5028, 2.0855, 2.5765, 3.5061, 2.8182, 2.4434, 8.5375, 3.1047, 1.9986, 2.3587, 2.3854, 3.1371, 2.5592, 2.8348, 2.6959, 2.1813, 3.6392, 2.6159, 3.5083, 3.8376, 2.6184, 2.6119, 3.2185, 2.3003, 2.6738, 2.3047, 2.1474, 3.1438, 3.9971, 2.655, 2.8433, 3.2182, 2.3246, 2.7482, 2.1435, 2.5445, 2.2532, 2.167, 2.8393, 1.9759, 6.0504, 2.3235, 2.7257, 2.1354, 2.5387, 2.0777, 2.1485, 2.7434, 2.1675, 1.6708, 3.3329, 2.0574, 2.0211, 2.4805, 2.0605, 2.6228, 2.4414, 2.5157, 2.9568, 3.4418, 3.3217, 3.3365, 2.7987, 1.8499, 2.6545, 3.6044, 2.8786, 2.1848, 2.065, 2.3981, 2.2836, 2.0459, 2.0808, 2.7809, 1.9379, 2.7742, 2.5376, 2.0842, 2.5241, 2.364, 1.9172, 3.6977, 2.1548, 2.4067, 3.2651, 3.2531, 2.5336, 2.2756, 2.3189, 2.0835, 1.7817, 2.4609, 2.3407, 2.0788, 2.2693, 2.452, 1.8252, 1.779, 1.677, 1.6622, 2.0318, 1.5134, 2.3171, 2.1594, 2.3494, 1.6044, 2.3914, 1.5208, 1.5914, 1.9832, 2.0034, 1.8954, 2.1384, 1.6713, 1.8681, 2.09, 1.6487, 1.6698, 1.7351, 1.3699, 1.4773, 1.8051, 1.8555, 1.8349, 2.2573, 1.8642, 2.0046, 2.0582, 1.8632, 1.5158, 2.0216, 1.879, 1.9596, 1.8607, 6.9622, 1.654, 1.3463, 2.2083, 1.6304, 1.6017, 1.8298, 1.9523, 12.1428, 1.8169, 1.6358, 1.8716, 1.9105, 1.44, 1.6853, 1.6908, 2.5347, 1.7257, 1.6452, 2.0071, 2.0508, 1.8492, 2.0219, 1.5902, 1.9246, 1.8861, 1.6638, 1.504, 1.8151, 1.8709, 1.8067, 1.9401, 1.9455, 1.7711, 2.3322, 1.5355, 1.4381, 1.8421, 1.698, 1.8029, 1.8459, 1.637, 1.5062, 1.9041, 1.5484, 1.5447, 2.4688, 2.1645, 2.0388, 1.9431, 1.488, 2.1671, 2.232, 2.0057, 6.5041, 1.7778, 1.6093, 1.3535, 1.5417, 1.6711, 1.9625, 2.6475, 1.63, 1.7871, 1.7864, 1.6592, 1.5601, 1.8942, 1.6198, 1.7139, 2.0025, 1.6102, 2.1672, 1.8035, 1.7766, 1.7208, 2.2027, 1.5195, 2.0837, 1.6907, 1.7225, 2.4225, 2.3558, 2.1831, 2.2594, 1.7, 1.7612, 1.3637, 1.8567, 2.2635, 2.0888, 2.8075, 2.1128, 1.472, 2.1081, 2.6043, 2.2113, 2.401, 1.6505, 2.4169, 2.3849, 2.582, 2.2371, 1.7455, 1.7102, 1.8806, 1.8364, 2.3389, 2.0189, 2.5185, 3.8833, 2.4982, 2.0397, 2.1824, 1.9956, 1.686, 1.9837, 2.2713, 2.6202, 2.2211, 1.9538, 1.6119, 2.3092, 2.815, 2.3422, 2.2842, 1.3927, 3.0931, 1.6063, 1.6498, 2.5639, 1.7333, 1.4423, 1.7232, 1.3635, 1.6437, 1.8195, 1.901, 1.4451, 1.3963, 1.7072, 1.715, 3.6759, 2.6952, 1.9732, 2.4587, 5.1135, 3.8936, 3.3218, 2.1806, 3.2833, 1.8393, 1.6132, 2.4016, 1.6165, 2.6975, 2.7022, 1.7644, 1.8378, 1.9481, 3.423, 1.9738, 1.5119, 2.3808, 2.527, 1.858, 5.7839, 2.3578, 2.1989, 1.6515, 1.7898, 2.1639, 2.1228, 2.5455, 2.6618, 1.792, 4.1554, 2.175, 1.8003, 1.8879, 2.1903, 2.0056, 2.2795, 3.0938, 1.5972, 1.7558, 2.6325, 2.0953, 1.3858, 2.2337, 1.8764, 1.6613, 2.1077, 2.105, 2.0225, 1.6106, 1.3694, 1.185, 1.5343, 1.3855, 1.3096, 1.214, 1.5575, 2.6965, 1.8443, 1.5543, 1.8468, 2.1735, 4.4201, 1.8872, 1.7573, 2.6441, 2.0281, 2.0663, 2.3895, 2.9027, 2.1088, 2.896, 2.2049, 1.9311, 1.7746, 1.5576, 1.9406, 1.8834, 1.8707, 1.4871, 1.62, 1.5162, 1.7558, 1.5335, 1.275, 1.2043, 1.6307, 1.3961, 1.1852, 1.6899, 1.2917, 1.3307, 1.7893, 1.2669, 1.5817, 1.4337, 1.07, 1.0301, 1.8784, 1.4783, 1.3692, 1.2498, 1.5545, 1.3026, 1.0328, 1.3444, 1.2414, 1.0763, 1.3173, 1.1422, 1.1585, 1.6898, 1.3538, 1.1202, 1.3991, 1.0204, 1.1801, 1.2126, 1.1173, 1.2096, 1.3338, 1.4429, 1.4412, 1.3863, 1.3099, 1.4734, 2.3274, 1.4716, 1.3239, 1.1197, 1.6611, 1.431, 1.3342, 1.8265, 1.4881, 1.9671, 2.1494, 1.5464, 1.5699, 1.4137, 1.2193, 1.316, 1.7098, 1.7479, 1.5441, 1.71, 1.6281, 1.3723, 1.5431, 1.5507, 1.4196, 1.1953, 1.3815, 1.3054, 1.2291, 1.1789, 1.5332, 1.3779, 0.9515, 0.8939, 1.007, 1.1048, 1.3454, 1.4575, 1.0885, 1.2951, 1.053, 1.4883, 1.2414, 1.2246, 1.2529, 1.026, 1.1263, 1.2208, 1.064, 1.1816, 1.5691, 1.4753, 1.5397, 1.4134, 1.1771, 1.1778, 1.8743, 1.9308, 2.1931, 1.6885, 1.4585, 1.5185, 1.6611, 1.0167, 1.688, 1.0745, 0.9616, 1.0845, 1.4468, 1.8763, 1.7803, 1.2776, 1.4637, 1.2428, 1.1524, 1.3984, 1.4858, 1.3385, 1.6686, 1.2782, 1.7665, 1.5275, 1.5815, 1.0632, 1.1563, 1.1274, 0.9986, 2.0079, 1.1708, 1.7997, 1.4099, 1.0799, 1.0764, 1.4405, 1.337, 1.5538, 1.275, 0.9287, 1.0729, 0.9628, 1.106, 1.439, 1.1432, 1.2896, 1.0214, 0.961, 1.6957, 1.6172, 1.3374, 1.4233, 1.0805, 0.9935, 1.4953, 1.4283, 1.1375, 1.4278, 1.1582, 0.9833, 1.014, 1.3519, 1.2024, 1.549, 1.1667, 1.0611, 1.4934, 1.1052, 1.0094, 1.5592, 1.4896, 1.232, 0.9375, 1.48, 2.4118, 1.0974, 1.5218, 0.9661, 1.0549, 1.3439, 1.2539, 1.2028, 1.312, 1.0022, 0.9269, 1.196, 0.8996, 0.9024, 0.9149, 1.0019, 1.0315, 0.9074, 1.1865, 4.5946, 1.2576, 1.0614, 4.7523, 1.6184, 1.0605, 1.3062, 1.2579, 1.1695, 1.2602, 1.4457, 3.3777, 1.8609, 2.4122, 1.8919, 1.2018, 1.1038, 1.4834, 1.3621, 1.3533, 1.3006, 1.149, 1.1663, 1.6234, 1.5223, 1.9303, 2.1868, 1.257, 2.4956, 1.7918, 1.4912, 3.0973, 2.2036, 3.8195, 1.7046, 2.0525, 1.7193, 1.7089, 2.5271, 2.7536, 1.9619, 1.4484, 1.3062, 1.442, 1.1622, 1.4687, 1.2214, 1.5499, 1.3441, 1.2727, 1.1765, 1.6504, 1.1361, 2.5075, 1.3006, 1.0285, 1.2321, 1.2199, 2.3882, 2.0625, 1.1325, 1.274, 1.4589, 1.8427, 1.4462, 1.1316, 1.3691, 2.657, 1.1695, 1.2158, 1.7232, 1.6813, 1.2629, 1.3703, 1.4913, 1.2063, 2.896, 1.5173, 3.3124, 2.3571, 1.5477, 1.7175, 2.0712, 1.3967, 1.3253, 2.0349, 1.9493, 1.4985, 1.419, 1.328, 1.1667, 1.4772, 1.2844, 1.2647, 3.5225, 1.3942, 1.128, 1.5167, 4.9073, 1.4323, 1.302, 1.3984, 1.1225, 1.4253, 1.0551, 1.5259, 1.1639, 1.671, 1.3867, 1.1213, 2.4772, 1.2729, 1.6104, 2.213, 2.5889, 1.7418, 1.5392, 1.0372, 0.9159, 1.0359, 1.1276, 1.1008, 1.1108, 1.2987, 1.241, 1.171, 0.9217, 1.1066, 1.2802, 1.0578, 0.8206, 1.6073, 1.1767, 0.9138, 0.9513, 3.4016]
        **Writes**
Number of writes: 206   (22.440087145969496% of all Ops)
Average time taken: 1.9566247572815545
Values: [2.4489, 3.4494, 3.0907, 2.9755, 2.853, 3.0718, 2.397, 3.4588, 2.4317, 2.4647, 3.3491, 2.7375, 2.7385, 2.0953, 2.6108, 2.4557, 2.6623, 3.4075, 4.6478, 2.7726, 3.2639, 2.2967, 2.0455, 2.2608, 2.0149, 2.2817, 2.0844, 2.0752, 1.8747, 2.0481, 2.2549, 1.7045, 1.3691, 2.7307, 2.0028, 1.7991, 1.7014, 1.7607, 1.9756, 2.2655, 1.9391, 2.2319, 1.8679, 1.7673, 1.7083, 1.6091, 1.6346, 1.6012, 2.0372, 1.3819, 1.8123, 1.5131, 1.4216, 1.2245, 1.7601, 1.8451, 1.5889, 1.9721, 1.5805, 1.956, 1.7606, 1.7944, 1.4918, 2.0602, 1.4608, 8.6283, 1.9471, 1.214, 1.7408, 1.5697, 1.8519, 3.2606, 4.52, 2.8666, 2.3918, 1.5231, 1.9624, 1.7412, 2.2281, 1.7741, 2.1796, 1.3741, 2.4113, 2.0785, 1.9682, 3.2234, 2.8394, 3.0257, 2.5297, 2.378, 1.9348, 1.6882, 1.8359, 1.9337, 3.4767, 1.8488, 1.6766, 5.1719, 1.6458, 1.5591, 2.6104, 2.2491, 1.325, 3.337, 2.3556, 2.2462, 2.174, 1.6843, 1.3871, 1.6364, 1.5932, 1.4004, 1.151, 1.8653, 1.3204, 2.1694, 1.3384, 1.1111, 1.1865, 1.5898, 1.6819, 1.4808, 1.2225, 1.4491, 1.4416, 1.2365, 2.0866, 1.3527, 1.4914, 1.1526, 1.1257, 4.21, 1.1833, 1.202, 1.3612, 1.4849, 1.1942, 1.2902, 2.8638, 1.3785, 1.0342, 1.2177, 1.373, 1.1018, 1.0439, 0.982, 1.2136, 1.6394, 1.4228, 1.2405, 1.135, 3.9062, 2.4127, 1.5769, 1.3321, 1.4632, 1.6444, 2.0432, 1.3375, 0.9947, 8.7454, 1.0441, 0.901, 1.4417, 1.2412, 1.0399, 1.3618, 1.3412, 1.213, 1.2456, 1.3159, 1.3497, 1.6628, 1.867, 4.8212, 1.6014, 2.2768, 1.1735, 1.8471, 1.4339, 1.4283, 1.3288, 1.8288, 1.3843, 1.1789, 2.5697, 1.2155, 1.3484, 1.0535, 1.4896, 1.1841, 1.5833, 1.1823, 1.206, 1.3211, 1.2728, 1.4428, 1.1597, 1.1784, 1.1118, 1.3709, 1.5055, 3.6278, 1.1478, 0.9833, 1.3538]
Total time taken in Ops: 1776.7037999999984

$=$
        Performance Logger Results.
$=$

--------------- TESTE 3 ---------------

$$$
        Performance Logger Results:
$$$

        **Reads**
Number of reads: 712    (77.5599128540305% of all Ops)
Average time taken: 1.6964720505617983
Values: [8.2572, 6.6727, 3.3145, 2.9678, 3.5929, 3.2998, 3.8435, 5.8392, 3.4857, 3.2621, 3.4624, 3.4534, 2.8116, 2.4643, 3.3904, 2.8756, 3.1197, 2.907, 3.0388, 3.0561, 2.4876, 2.6772, 3.4377, 2.5381, 1.8741, 2.5812, 2.3393, 2.4889, 2.4308, 2.5419, 3.2396, 2.375, 2.9121, 2.3573, 1.9941, 2.5627, 2.2537, 1.9386, 2.7564, 2.2756, 3.8226, 2.7705, 2.3772, 2.2476, 2.471, 2.0805, 2.1208, 1.871, 1.8126, 2.6416, 2.7098, 1.9106, 2.2926, 2.7937, 1.9078, 2.1516, 1.9402, 2.0599, 1.9957, 2.0362, 1.9244, 4.1738, 2.2568, 2.4039, 1.6971, 1.8075, 2.4554, 1.7808, 2.0363, 2.8318, 1.9072, 1.9631, 2.3687, 2.1637, 1.9886, 2.3285, 1.9497, 1.9429, 1.7124, 2.4498, 2.1161, 1.9302, 1.7232, 1.5749, 2.075, 1.8936, 1.7096, 1.6191, 2.1389, 1.8978, 2.2592, 2.1931, 2.3189, 1.8252, 1.9364, 1.6988, 3.3345, 2.3404, 1.8029, 1.6738, 2.1992, 1.3201, 1.6812, 2.49, 1.4688, 1.3673, 1.4833, 1.7182, 1.5427, 2.1224, 1.6769, 2.1817, 1.758, 1.6372, 1.656, 1.9466, 1.6965, 1.9216, 2.1494, 1.8479, 1.9131, 1.5902, 1.7087, 1.9136, 1.4184, 1.7957, 1.6681, 1.5416, 2.2107, 1.8255, 1.6118, 1.6758, 6.2751, 2.0716, 2.015, 2.2207, 1.6837, 1.9836, 1.5931, 1.7769, 1.8578, 1.9387, 3.4279, 6.5779, 1.6564, 1.7583, 1.5436, 1.4269, 1.3181, 1.4393, 1.6375, 1.6023, 1.454, 1.9785, 1.7939, 1.6613, 1.579, 1.5251, 2.3364, 2.0426, 2.0577, 1.345, 1.7211, 1.5273, 1.4015, 1.6462, 1.5152, 4.6644, 1.628, 1.3574, 1.6442, 2.5469, 1.4396, 1.7624, 1.6454, 1.8857, 1.9078, 1.6729, 1.4418, 1.6212, 1.7272, 1.7027, 2.2465, 1.3334, 6.1022, 2.9046, 1.4996, 1.808, 1.5229, 1.5482, 1.7453, 1.8273, 2.7995, 2.3153, 1.836, 2.1796, 2.4322, 1.8845, 1.6551, 1.5957, 1.1855, 2.1986, 1.9782, 1.6551, 2.1835, 1.81, 1.7667, 1.6921, 1.969, 2.1858, 1.408, 1.6955, 1.9206, 1.6066, 2.2603, 2.1154, 1.6491, 1.5051, 1.5858, 1.2161, 1.2895, 1.7826, 1.7105, 2.1104, 1.951, 1.8651, 2.0563, 1.8104, 1.8229, 1.3424, 2.7105, 2.6089, 1.5449, 1.664, 2.4142, 1.8439, 2.1868, 2.1184, 1.7752, 1.9307, 1.3281, 1.4403, 1.5976, 1.2955, 1.5219, 1.7787, 3.7472, 1.8446, 1.9631, 2.4243, 1.8329, 10.1293, 1.9343, 1.6187, 2.238, 2.3868, 2.7407, 1.6831, 1.7248, 1.5037, 1.319, 1.7195, 1.6864, 1.6643, 1.7716, 2.4486, 2.3219, 3.349, 2.5965, 2.8081, 3.3173, 1.4493, 1.3737, 1.7415, 2.6481, 1.9012, 1.693, 1.3937, 1.6432, 1.6735, 1.414, 1.2956, 1.0506, 3.6523, 1.5642, 1.2016, 1.5289, 1.289, 1.1853, 1.4693, 1.4656, 1.305, 1.4425, 1.1131, 1.5361, 1.5597, 1.481, 1.9295, 1.6364, 1.3261, 1.3417, 1.9507, 2.5372, 1.5746, 1.7764, 1.5892, 3.6217, 1.7034, 2.022, 2.4277, 1.4973, 2.8709, 2.3659, 1.5553, 1.9468, 2.0257, 2.1632, 1.7333, 1.6839, 1.4855, 3.1765, 1.3703, 1.0081, 1.3313, 1.6401, 1.3274, 1.614, 2.4394, 1.8435, 1.7586, 1.3608, 1.61, 1.6571, 1.365, 1.5508, 1.1847, 1.1937, 1.421, 1.148, 2.5083, 1.5764, 1.0503, 2.8037, 2.0206, 1.2058, 1.4229, 1.4757, 1.0818, 1.6943, 1.4408, 1.3527, 1.8577, 1.519, 1.767, 2.0496, 1.3695, 1.32, 1.4541, 1.2044, 1.605, 1.3067, 1.4291, 1.2594, 1.4482, 1.0919, 1.1308, 1.4442, 1.6648, 1.5627, 1.3227, 1.9521, 1.3586, 1.2979, 1.3341, 0.957, 1.1444, 1.2126, 0.9756, 0.9828, 1.5474, 1.0618, 1.0688, 1.4196, 1.1016, 1.0936, 0.8985, 1.3352, 1.5105, 1.2651, 1.2883, 1.3189, 1.4992, 1.8962, 1.7491, 1.3906, 0.9476, 0.8849, 0.8043, 0.846, 1.2508, 0.9748, 0.9679, 1.5814, 1.2491, 1.3128, 1.2881, 1.4547, 1.4894, 1.2775, 1.2555, 1.4631, 1.4812, 1.3498, 1.4025, 0.986, 0.9141, 1.0136, 1.175, 1.2989, 1.2844, 1.3444, 1.3882, 1.1889, 1.0412, 1.2369, 1.3316, 2.0312, 1.9407, 1.1348, 1.4523, 1.0975, 1.4366, 1.438, 1.642, 1.3682, 1.2105, 1.2073, 1.0978, 1.3514, 1.0208, 1.0554, 1.6724, 1.165, 1.0726, 1.4607, 1.2114, 0.9594, 1.0224, 1.3819, 0.8857, 1.0561, 1.6256, 1.282, 1.4112, 1.0087, 1.0498, 1.3117, 1.2085, 0.9378, 1.1261, 1.2696, 1.0592, 1.0104, 0.7853, 1.1152, 0.8502, 1.3198, 1.525, 1.0347, 1.2822, 0.8908, 1.1277, 1.2254, 1.0062, 1.353, 1.26, 1.1712, 1.4732, 0.8605, 1.1149, 0.9237, 0.9306, 0.8911, 1.1721, 1.0017, 3.9894, 1.0371, 1.3431, 0.8594, 0.9347, 1.0632, 0.9191, 0.9413, 0.9555, 3.4286, 1.1735, 1.0138, 1.2861, 0.9905, 1.1033, 1.5241, 0.952, 1.0701, 1.2921, 1.1871, 1.0468, 1.2566, 1.1479, 1.0338, 1.0504, 1.1018, 1.1402, 1.1924, 1.339, 1.6068, 2.6429, 1.6056, 1.5139, 5.4381, 2.0631, 2.4329, 1.1406, 1.0866, 1.5412, 1.181, 1.5774, 1.216, 1.2018, 1.361, 1.0341, 1.2135, 1.3545, 1.1062, 1.1472, 1.297, 0.8581, 1.1654, 1.3216, 1.5401, 1.7132, 1.1039, 1.1187, 1.1244, 0.9339, 0.9299, 1.2918, 1.4015, 1.06, 1.0317, 1.3476, 1.1551, 1.1386, 2.0295, 1.4185, 1.1929, 1.0671, 1.0657, 1.3512, 0.9898, 1.5014, 1.1394, 5.0008, 1.9923, 1.4781, 1.4499, 1.5801, 1.4399, 1.1304, 1.3825, 1.5026, 1.199, 4.5872, 1.1244, 1.6728, 1.43, 2.0142, 1.5241, 1.273, 0.9345, 1.2466, 1.6634, 2.0277, 1.7264, 1.5806, 1.3797, 1.1673, 1.8772, 1.7235, 1.18, 1.176, 1.4563, 2.1235, 1.3649, 1.432, 1.1645, 0.9626, 2.4958, 1.1312, 0.9319, 1.2693, 1.011, 0.9609, 0.9136, 1.0278, 0.9386, 1.2956, 0.9578, 1.7815, 1.1561, 1.2254, 1.7581, 1.9098, 0.9665, 0.8199, 1.0961, 1.1543, 0.8262, 1.2238, 1.202, 1.3912, 1.0286, 1.4611, 1.1532, 0.9731, 1.4317, 1.4634, 3.5188, 8.1238, 1.3654, 1.1528, 1.2653, 0.9653, 1.0192, 1.0372, 1.4242, 1.0295, 3.1498, 0.9722, 1.2123, 1.1614, 0.9399, 0.8753, 1.5394, 1.1357, 1.0242, 0.9687, 1.031, 0.9961, 0.8522, 1.7862, 1.3107, 1.0955, 1.2274, 0.9411, 1.0153, 1.2596, 1.2788, 1.2938, 1.2459, 1.2363, 1.036, 0.9776, 1.2403, 1.0018, 0.8571, 1.569, 1.806, 1.0073, 0.8373, 1.1495, 1.0575, 0.8288, 0.8835, 1.4664, 1.2015, 0.934, 1.0638, 1.1799, 1.1716, 1.1316, 0.89, 1.1861, 1.0785, 1.2545, 1.2562, 1.1538, 1.0695, 0.9423, 1.1863, 1.0597, 0.9684, 1.0413, 0.9996, 1.035, 0.9047, 0.8476, 0.7736, 0.7565, 0.7957, 0.9074, 1.0504, 1.034, 0.8501, 1.4854, 2.1456, 1.3298, 1.198, 1.043, 1.1766, 0.9123, 0.9283, 1.0548]
        **Writes**
Number of writes: 206   (22.440087145969496% of all Ops)
Average time taken: 1.7814820388349506
Values: [2.3877, 3.601, 3.029, 2.43, 2.3057, 2.3443, 1.9503, 2.5838, 2.2697, 1.8888, 2.3233, 2.1161, 1.792, 1.8234, 2.1701, 2.1066, 2.1205, 2.0056, 2.0488, 1.7613, 1.9656, 1.9747, 1.7198, 2.1096, 1.9463, 1.869, 1.8598, 1.8836, 1.6289, 1.7861, 1.302, 1.8134, 1.6649, 1.4494, 1.6496, 1.568, 1.4361, 1.5979, 1.5851, 2.4601, 1.5137, 2.1079, 1.5199, 1.4805, 1.4962, 1.4724, 7.613, 1.6675, 1.8591, 1.8516, 1.2246, 2.1715, 1.5386, 1.1319, 1.4716, 10.2114, 1.5471, 3.4249, 1.7144, 1.7221, 3.8228, 1.9641, 1.2025, 2.8548, 2.0566, 1.8083, 1.732, 1.3059, 1.8388, 5.8663, 1.5215, 2.0741, 2.5327, 1.534, 2.062, 3.1772, 1.8071, 1.5586, 1.6007, 1.3811, 1.8424, 1.3339, 1.2549, 1.3784, 2.1443, 1.7086, 2.1969, 1.5658, 1.5286, 1.9619, 1.2913, 1.5925, 5.1331, 3.0912, 1.0449, 1.4241, 1.304, 1.482, 1.1877, 1.7524, 1.1666, 1.072, 1.1118, 1.7536, 3.2431, 1.3701, 1.977, 1.0734, 1.2257, 1.378, 1.0684, 1.138, 0.9603, 0.89, 1.0705, 1.53, 1.1075, 1.0342, 1.1231, 0.9443, 1.1685, 1.4909, 1.0745, 1.8698, 1.0177, 0.9897, 1.8053, 1.2717, 1.2177, 1.1534, 0.9959, 1.021, 0.7675, 1.4133, 1.0177, 1.0177, 0.8649, 0.7316, 1.1134, 0.8171, 1.0313, 1.0428, 1.0042, 1.228, 1.143, 1.3585, 1.1909, 1.8502, 1.7342, 1.3564, 14.0242, 1.2049, 1.9357, 0.9961, 1.0939, 0.8994, 1.1723, 1.2886, 1.7569, 1.0434, 0.8774, 1.1805, 1.8635, 1.3605, 1.4103, 2.2042, 1.7765, 2.0066, 2.1703, 1.4685, 1.1444, 0.9332, 1.1047, 0.8346, 0.7494, 0.9761, 0.8399, 1.2492, 0.9002, 1.0129, 1.258, 0.8807, 0.8818, 0.9356, 0.9881, 0.9667, 1.4992, 1.6879, 1.2016, 0.7381, 1.0419, 1.0129, 1.0674, 1.1034, 14.3484, 1.2059, 1.0229, 1.3056, 0.8938, 0.925, 0.7974, 0.8291, 0.938, 0.9123, 3.2966, 2.7845]
Total time taken in Ops: 1574.8734000000002

$=$
        Performance Logger Results.
$=$